1 4 0 1 4 0 0 0 0 | 10 10 -49.292 10 
0 1 3 1 3 0 0 0 0 | -52.3784 10 10 10 
1 1 0 0 2 0 0 0 0 | 10 10 10.7535 10 
0 0 1 1 1 3 0 0 0 | 10 -56 10 10 
1 1 4 1 0 0 0 0 0 | -50.9 10 10 10 
2 0 4 1 4 0 3 0 0 | 10 7 10 10 
0 1 0 4 0 3 0 0 0 | -50.9 10 10 10 
3 4 0 4 1 2 0 0 0 | 10 3.4 10 10 
0 1 0 0 1 0 3 0 0 | 10 10 10 -53.0777 
4 3 0 1 0 0 1 0 0 | 3.4 10 10 10 
0 4 1 0 0 0 0 1 0 | 10 10 10 8.5 
0 1 2 0 3 0 0 2 0 | -56 10 10 10 
2 0 2 1 3 0 0 0 0 | 10 34 10 10 
3 0 1 0 2 0 0 4 0 | 10 -46.9352 10 10 
3 1 0 0 3 0 0 3 0 | 10 10 12.1 10 
2 3 0 1 0 0 0 3 0 | 10 10 -56 10 
3 0 2 2 1 0 0 0 0 | 10 10 48.2618 10 
0 3 1 1 0 0 0 0 4 | 10 10 10 8.5 
0 4 0 0 1 2 0 0 0 | 3.4 10 10 10 
1 1 1 0 1 0 0 0 0 | 10 -56 10 10 
1 0 3 1 1 0 2 0 0 | 10 3.4 10 10 
1 1 4 0 3 0 1 0 0 | 10 10 10 11.9914 
1 0 0 1 3 0 2 0 0 | 10 3.4 10 10 
4 1 0 1 0 0 2 0 0 | -50.9 10 10 10 
4 0 3 4 1 0 0 0 0 | 10 6.9109 10 10 
4 4 1 4 0 0 0 0 4 | 10 10 20.74 10 
1 0 1 0 3 0 0 2 0 | 10 -49.3577 10 10 
0 1 0 0 0 0 4 0 0 | 10 10 10 5.35024 
2 0 3 1 2 0 0 0 0 | 3.4 10 10 10 
2 2 1 1 0 0 0 0 0 | 10 10 -48.2658 10 
0 1 0 4 3 0 0 0 0 | -50.9 10 10 10 
4 0 1 1 0 4 0 0 0 | 10 -54.9541 10 10 
3 1 0 0 1 0 0 4 0 | 10 5.49846 10 10 
1 0 1 2 3 0 0 0 0 | 10 10 10 8.5 
1 0 1 0 0 0 0 2 0 | 17.9618 10 10 10 
0 0 3 4 1 2 0 0 0 | 10 3.4 10 10 
0 4 1 0 2 0 0 4 0 | 10 10 3.4 10 
1 1 0 0 3 0 4 0 0 | 10 3.4 10 10 
0 0 3 1 0 0 1 0 0 | 10 10 -55.6559 10 
0 1 2 4 0 0 1 0 0 | 10 -9.971 10 10 
2 1 0 2 0 0 0 1 0 | -45.1898 10 10 10 
3 0 3 0 1 0 0 4 0 | 10 10 10 -45.4897 
2 1 0 4 2 0 0 0 0 | 10 16.9408 10 10 
0 2 2 1 1 0 0 0 0 | 10 10 10 -52.6975 
1 2 1 0 2 0 0 0 0 | 10 10 10 3.4 
1 0 4 1 2 0 0 0 0 | 10 3.4 10 10 
0 1 3 0 2 4 0 0 0 | 10 10 6.61259 10 
2 1 0 4 0 0 0 0 2 | 10 10 3.4 10 
4 0 1 1 2 0 0 0 0 | 9.74771 10 -56 10 
0 4 0 1 0 0 0 0 3 | 11.5395 10 10 10 
0 4 0 1 0 0 0 0 4 | 10 10 10 3.4 
4 0 0 1 0 0 4 0 0 | 6.59987 10 10 10 
0 0 1 4 0 0 2 0 0 | 10 10 10 15.2966 
4 0 2 1 0 0 1 0 0 | 3.4 10 10 10 
0 1 3 0 4 0 1 0 0 | 10 10 10 7.735 
0 0 1 3 2 0 0 0 0 | 10 10 10 10.887 
0 4 1 1 0 2 0 0 0 | 10 10 -48.2658 10 
4 0 1 2 3 0 0 0 0 | 10 10 10 28.1905 
3 2 0 0 1 0 0 4 0 | 10 6.71193 10 10 
0 3 0 1 2 0 0 0 1 | 10 10 10 -14 
0 0 0 1 0 4 0 0 0 | 8.5 10 10 10 
3 0 3 4 1 0 2 0 0 | 10 3.4 10 10 
2 0 0 1 2 4 0 0 0 | 10 29.753 10 10 
0 1 1 3 0 0 0 0 4 | -43.5646 10 10 8.5 
4 3 2 1 0 0 0 0 0 | 10 10 -48.0019 10 
0 1 2 4 0 3 0 0 0 | 10 3.4 10 10 
4 0 4 3 1 0 0 0 0 | 41.7326 10 10 10 
1 3 0 0 1 0 0 4 0 | 10 10 10 -35.419 
2 1 4 0 1 0 0 1 0 | 10 10 -8.9 10 
1 1 3 2 0 0 0 0 0 | -50.9 10 10 10 
0 0 0 1 0 0 0 0 4 | 10 10 10 8.5 
3 4 0 1 3 0 0 0 0 | 10 3.4 10 10 
3 4 3 0 1 1 0 0 0 | 10 10 33.3896 10 
2 4 2 0 1 0 0 0 0 | 10 10 7 10 
2 0 1 0 2 0 0 0 0 | 10 10 10 4.75817 
0 0 4 1 3 4 0 0 0 | 10 10 10 8.5 
1 3 1 0 0 0 0 0 3 | 10 10 8.5 10 
0 1 0 1 3 0 2 0 0 | -56 9.67316 10 10 
1 0 1 1 0 0 0 0 4 | 10 10 10 8.5 
1 2 1 0 1 0 0 0 0 | 10 10 10 -53.0346 
0 0 2 1 1 0 1 0 0 | 10 -2.88784 10 10 
0 1 1 0 3 0 0 0 2 | 10 10 3.4 10 
0 0 1 1 0 0 0 2 0 | 10 -49.492 10 10 
3 1 2 0 4 0 0 4 0 | 10 10 34 10 
2 1 2 4 0 0 0 1 0 | 10 10 10 7 
3 3 0 1 0 0 0 0 0 | 4.6054 10 10 8.5 
3 2 0 3 1 1 0 0 0 | 10 10 10 -47.4433 
4 1 2 0 2 0 0 0 0 | 10 10 10 34.7725 
0 4 1 0 1 0 0 3 0 | 10 10 10 -50.9 
0 1 0 1 3 0 1 0 0 | 10 10 10 14.901 
0 2 0 0 1 0 0 0 3 | 23.8042 10 10 10 
1 0 1 0 3 3 0 0 0 | 10 10 8.81707 10 
4 0 2 2 1 0 0 0 0 | 10 4.11496 10 10 
2 1 0 0 1 0 0 2 0 | 10 10 10 -50.9 
0 1 1 0 1 0 0 3 0 | 10 10 3.4 10 
3 0 4 1 3 0 0 0 0 | 6.25017 7.03885 10 10 
3 0 4 1 4 0 0 0 0 | 10 10 10 3.4 
2 1 3 0 2 0 0 0 0 | -43.6316 10 9.45972 10 
3 0 0 0 1 3 0 0 0 | 10 10 10 -44.5877 
4 2 4 3 1 0 0 0 0 | 10 5.88478 10 10 
2 3 1 0 2 0 0 0 1 | 10 -50.9 10 10 
1 0 3 2 1 0 2 0 0 | 7 10 10 10 
0 2 1 0 0 0 3 0 0 | 10 10 4.69665 10 
2 3 0 1 3 0 0 0 0 | 10 10 10 4.67194 
2 1 3 1 4 0 0 0 0 | 10 25.289 10 10 
0 1 0 1 0 0 4 0 0 | 10 10 10 8.95984 
0 1 0 2 0 0 1 0 0 | 10 10 12.0056 10 
0 2 1 0 0 0 0 4 0 | 18.2016 -56 10 10 
0 0 1 0 0 0 0 0 1 | 5.02532 10 10 -12.202 
0 0 0 4 1 4 0 0 0 | 10 10 5.01825 10 
0 1 3 0 1 0 2 0 0 | 10 10 10 -55.3504 
3 0 4 1 0 0 2 0 0 | 10 10 10 8.5 
0 4 1 4 1 0 0 0 0 | 8.5 10 10 10 
0 0 1 0 1 0 0 0 4 | 6.63276 -55.1511 10 10 
0 1 3 0 3 0 0 0 2 | 10 10 3.4 10 
2 1 4 4 0 0 0 3 0 | -49.1448 10 10 10 
1 3 0 1 4 0 0 0 0 | 10 10 -45.7615 10 
4 3 0 3 1 0 0 0 0 | 10 4.98826 10 10 
0 0 4 1 3 3 0 0 0 | 10 10 -49.5302 10 
3 1 1 2 1 0 0 0 0 | -51.3484 10 10 10 
0 2 1 1 4 0 0 0 0 | 10 10 10 5.62815 
0 1 1 3 0 4 0 0 0 | -56 10 10 10 
3 2 0 0 1 0 4 0 0 | 10 10 10 -50.0501 
4 2 0 1 0 0 4 0 0 | 10 10 10 23.991 
3 0 2 4 1 1 0 0 0 | 10 10 10 -50.9 
0 1 3 0 4 0 0 3 0 | -53.2038 3.4 10 10 
3 2 0 3 1 0 0 0 0 | 8.5 10 10 -53.042 
1 0 1 0 1 0 0 2 0 | 10 10 10 -50.9 
2 1 0 0 0 0 0 1 0 | -45.3739 45.7602 10 8.5 
2 1 0 3 0 0 0 2 0 | -50.6324 10 10 10 
0 1 0 1 1 0 3 0 0 | 10 8.5 10 10 
0 0 4 0 1 0 0 0 4 | 10 10 10 -50.9 
0 0 1 4 2 0 0 1 0 | 10 10 10 3.4 
0 1 4 0 0 0 0 0 3 | 10 10 3.4 10 
0 2 0 0 1 0 0 4 0 | 10 3.48451 10 10 
0 4 2 1 4 0 0 0 0 | 10.6038 10 10 10 
3 2 0 2 1 0 0 0 0 | 10 10 10 -50.9 
3 2 0 3 1 0 2 0 0 | 10 10 7 10 
0 1 1 1 3 0 0 0 0 | 10 10 -54.6973 10 
4 0 0 1 0 2 0 0 0 | 3.4 3.4 -46.9158 10 
0 2 1 0 1 0 0 0 2 | 10 10 10 -56 
2 1 0 0 4 0 0 0 1 | 10 67.7503 10 10 
0 2 1 0 0 0 0 0 2 | 4.39456 -52.9293 3.4 10 
1 0 0 0 1 3 0 0 0 | 10 10 7.39269 10 
2 1 2 2 0 0 0 0 0 | 10 45.6446 10 10 
4 0 3 1 1 0 0 0 0 | 10 10 10 -50.9 
0 4 0 1 1 0 0 3 0 | 10 10 -50.9 10 
1 4 1 0 2 0 0 2 0 | 10 10 10 3.4 
2 1 0 0 2 0 0 3 0 | 10 16.2144 10 10 
0 4 1 0 1 0 0 4 0 | 4.50052 -53.5245 10 10 
3 1 2 1 4 0 0 0 2 | -50.9 10 10 10 
3 1 2 0 0 0 0 0 3 | 10 10 10 3.4 
2 1 0 0 1 0 0 4 0 | 10 17.2042 10 10 
2 3 1 1 0 0 0 0 4 | 10 10 10 8.5 
2 4 1 0 0 1 0 0 0 | 10 10 10 6.38408 
4 0 0 0 1 2 0 0 0 | 3.4 10 10 10 
0 1 3 0 4 0 0 4 0 | -50.9 10 10 10 
2 3 1 1 0 0 0 0 0 | 3.4 -50.9 10 10 
2 4 0 1 0 0 0 0 2 | 3.4 10 10 10 
3 1 0 2 1 0 0 0 0 | 10 10 35.5083 10 
3 1 0 3 1 0 0 0 0 | 10 10 7 10 
0 2 1 4 1 0 0 0 0 | 10 10 8.5 10 
2 4 0 3 1 0 3 0 0 | 10 10 10 -55.5264 
2 1 0 3 0 0 4 0 0 | 10 10 10 3.91288 
2 2 0 3 1 0 0 0 0 | 10 10 4.29844 10 
1 0 1 3 0 0 0 0 3 | 10 10 3.4 10 
0 0 0 4 1 0 3 0 0 | 10 8.5 10 10 
4 4 0 1 3 0 0 0 0 | 6.95764 7.15354 -47.82 10 
0 3 0 1 0 1 0 0 0 | -10.4992 10 10 10 
2 1 4 2 0 0 3 0 0 | -50.9 10 10 10 
2 1 0 2 0 0 4 0 0 | 10 7 10 10 
4 0 1 0 0 1 0 0 0 | 10 10 10 15.953 
3 0 0 1 0 0 0 0 0 | 6.50735 10 10 10 
2 1 0 1 4 0 1 0 0 | 10 10 -55.0179 10 
0 3 0 1 3 0 0 2 0 | 10 4.37746 10 10 
0 4 1 3 1 0 0 0 0 | 10 10 10 -56 
0 1 3 0 4 0 0 0 3 | 10 5.134 10 10 
3 0 1 3 0 0 0 0 0 | 14.13 10 10 10 
4 1 0 1 0 0 4 0 0 | -50.231 10 10 10 
3 0 3 3 1 0 0 0 0 | 5.36524 10 7 10 
0 4 0 1 0 0 3 0 0 | 10 10 10 5.77237 
0 1 0 2 0 0 4 0 0 | 10 10 4.9947 10 
0 0 1 2 4 0 0 0 0 | 10 -50.9 10 10 
4 0 2 1 4 0 0 0 0 | 3.4 4.69791 -47.0048 10 
0 1 3 0 0 0 1 0 0 | -50.9 10 10 10 
1 0 1 0 2 0 0 3 0 | 36.6508 10 10 10 
4 1 1 1 0 0 0 0 1 | 10 -55.4237 10 10 
2 0 4 2 1 0 0 0 0 | 10 10 4.07397 10 
3 1 0 0 4 0 4 0 0 | -54.2773 8.5 10 10 
3 0 1 0 2 3 0 0 0 | 10 -50.9 10 10 
3 0 1 0 1 1 0 0 0 | 10 10 27.7879 10 
4 0 4 1 0 2 0 0 0 | 10 10 10 80.3735 
0 0 0 0 1 0 0 2 0 | 10 4.80446 10 10 
4 3 0 1 0 0 2 0 0 | 10 10 -49.0752 10 
2 1 3 0 0 0 0 2 0 | -42.0566 10 8.5 10 
3 3 1 0 0 2 0 0 0 | 10 -50.9 10 10 
2 1 0 2 0 0 0 0 4 | 10 12.3568 10 10 
0 4 0 1 0 3 0 0 0 | 3.4 10 10 10 
2 1 3 2 0 0 0 0 0 | -48.283 55.6554 10 8.5 
1 4 1 3 1 3 0 0 0 | 10 10 3.4 10 
1 0 1 3 0 4 0 0 0 | 10 10 10 4.45145 
2 1 0 1 0 0 0 0 2 | 10 10 -56 10 
1 3 0 3 1 0 3 0 0 | 10 10 4.31887 10 
3 1 0 0 1 0 0 3 0 | -43.1328 10 10 10 
0 0 0 0 1 0 0 0 2 | 10.2359 10 10 10 
1 0 1 0 2 0 0 0 1 | 10 10 3.4 10 
4 1 0 0 2 0 1 0 0 | -50.9 10 10 10 
0 1 0 1 2 0 3 0 0 | 10 8.5 10 10 
4 4 0 1 0 2 0 0 0 | 10 10 10 13.566 
2 0 1 0 4 0 0 0 0 | 10 10 19.9902 10 
0 3 0 1 0 0 0 3 0 | 10 5.22696 10 10 
2 0 2 1 1 0 0 0 0 | 10 10 10 -51.5332 
1 1 1 4 0 0 0 0 0 | -50.9 10 10 10 
1 0 2 4 1 4 0 0 0 | 10 3.4 10 10 
1 1 0 1 4 4 0 0 0 | -56 10 10 10 
1 0 1 4 0 4 0 0 0 | 7 10 10 10 
2 3 2 1 0 0 0 0 0 | 10 10 -51.5621 10 
0 1 4 3 0 0 0 0 1 | -48.3918 10 10 10 
0 0 1 3 1 3 0 0 0 | 10 10 10 -54.6384 
3 0 2 0 1 1 0 0 0 | -12.5345 10 10 10 
0 0 1 0 0 0 2 0 0 | 8.5 10 10 10 
0 0 4 1 4 0 0 4 0 | 7.30926 10 10 10 
2 1 4 0 0 0 0 3 0 | -47.3283 32.5792 10 3.4 
0 1 0 3 1 0 1 0 0 | -56 10 10 10 
0 2 1 4 0 0 0 1 0 | 6.6017 10 10 10 
0 0 1 1 1 0 0 0 3 | 10 10 10 -50.9 
1 0 1 2 4 0 0 0 2 | 10 10 3.4 10 
1 2 0 1 1 0 0 0 0 | 34.6105 10 10 10 
0 3 0 1 0 0 0 0 3 | 14.0209 10 -50.9 10 
0 3 1 3 0 0 0 0 4 | 10 10 10 3.4 
3 2 1 4 0 0 0 0 0 | 10 -50.9 10 10 
4 2 1 0 1 0 0 0 0 | 10 10 10 -37.4538 
0 1 0 0 1 3 0 0 0 | 10 10 10 -55.3895 
0 1 1 0 1 0 0 2 0 | -53.0725 10 10 -56 
0 0 0 1 1 2 0 0 0 | 10 3.4 10 10 
2 1 0 3 2 0 0 0 0 | -50.9 10 10 10 
0 4 1 0 0 0 0 0 3 | 4.49025 10 10 10 
0 1 1 0 0 0 0 0 4 | 10 -54.6944 10 10 
3 3 0 3 1 0 0 0 0 | 8.80148 3.4 10 -52.43 
3 0 1 0 1 0 0 4 0 | 6.80016 10 10 10 
0 0 0 3 1 0 3 0 0 | 10 10 10 -54.9685 
0 1 0 3 0 0 3 0 0 | 10 10 4.96241 10 
0 4 0 1 0 0 4 0 0 | 10 3.4 10 10 
2 4 1 1 0 0 0 0 0 | 8.5 -50.9 10 10 
3 0 0 0 1 0 0 0 2 | 10 10 12.1 10 
3 0 1 0 3 0 0 0 1 | 10 10 7 10 
0 0 2 1 4 0 0 3 0 | 10 10 -50.9 10 
3 1 1 2 2 0 0 0 0 | -52.8024 10 10 10 
1 2 0 1 3 0 0 0 0 | 10 10 10 5.24783 
1 0 0 0 1 0 4 0 0 | 27.0678 10 10 10 
3 4 0 0 1 0 3 0 0 | 10 10 10 -43.6431 
0 0 1 1 2 0 0 3 0 | 10 10 10 8.5 
3 0 4 2 1 0 0 0 0 | 5.13458 7.26338 37.643 10 
2 0 3 4 1 0 0 0 0 | 7.735 10 10 -41.7273 
0 1 4 0 3 0 3 0 0 | 10 10 3.91592 10 
0 3 2 0 1 0 0 0 0 | 10 7.19216 10 10 
0 0 1 0 1 0 3 0 0 | 11.9263 10 10 10 
3 0 1 0 2 0 2 0 0 | 10 10 10 3.4 
0 0 1 1 1 2 0 0 0 | 10 10 10 -52.6322 
1 0 0 1 2 0 4 0 0 | 10 10 -55.164 10 
4 2 1 1 0 0 0 0 0 | 10 10 -52.43 10 
0 1 0 0 3 0 4 0 0 | -55.1215 3.4 10 10 
1 0 4 1 1 0 0 0 0 | 30.8009 10 10 10 
4 1 4 0 3 0 0 0 0 | -53.445 7.735 10 10 
1 3 1 0 2 0 0 0 0 | 23.833 10 10 10 
0 4 0 4 1 0 0 2 0 | 10 10 10 -50.9 
0 1 2 2 1 0 0 0 0 | -53.4344 10 10 10 
0 4 1 0 0 0 0 3 0 | 10 10 3.4 10 
2 3 0 1 1 0 0 0 0 | 10 30.1364 10 10 
0 1 0 3 0 0 4 0 0 | 10 10 10 4.4314 
3 3 1 4 0 0 0 0 0 | 10 10 10 3.4 
2 1 1 2 0 0 0 0 0 | 10 -50.9 10 10 
2 0 0 2 1 0 0 0 0 | 8.5 18.9015 6.19656 10 
0 1 4 0 0 0 2 0 0 | 10 10 7.03885 10 
0 1 2 1 0 0 0 0 0 | -90.92 2.96821 -53.7147 9.31758 
0 0 1 0 0 0 4 0 0 | 10 10 10 5.26509 
0 0 0 1 4 0 0 0 0 | 0.418153 8.34488 -75.26 1.20873 
2 4 0 3 1 0 0 0 0 | 8.5 10 7.735 10 
1 0 3 0 1 0 0 0 3 | 10 8.5 10 10 
0 4 1 0 0 0 4 0 0 | 10 10 5.2278 10 
3 1 4 0 4 0 0 0 0 | -53.4131 3.4 23.9958 10 
1 1 2 0 4 0 0 0 0 | -56 10 6.74485 10 
1 0 2 1 1 4 0 0 0 | 10 8.5 10 10 
1 0 1 4 0 0 0 0 4 | 10 10 7.03885 10 
2 4 0 1 3 0 0 0 0 | 3.4 10 -76.025 10 
3 1 4 0 2 0 0 0 0 | -50.9 3.4 19.2782 3.4 
3 1 2 0 2 0 0 0 0 | -55.1554 10 10 10 
4 3 0 1 3 0 0 0 0 | 6.60341 10 10 7 
4 1 3 2 0 0 0 0 0 | -50.5387 8.5 3.4 10 
2 0 4 3 1 0 0 0 0 | 3.4 7 10 -54.2589 
2 0 0 1 2 0 0 0 0 | 3.4 16.5806 -54.266 3.4 
0 2 1 0 2 1 0 0 0 | 10 -50.9 10 10 
0 0 0 2 1 0 0 0 3 | 6.58845 10 10 10 
3 4 0 1 1 0 0 0 0 | 8.5 7.02126 10 10 
4 0 2 1 0 4 0 0 0 | 3.4 10 10 10 
4 1 3 4 0 0 0 0 0 | 10 10 10 12.1 
3 1 0 0 3 0 0 0 1 | 10 10 10 -14 
0 1 0 0 4 0 4 0 0 | 10 10 3.4 10 
1 0 1 2 0 0 3 0 0 | 10 -50.9 10 10 
3 4 0 1 2 0 0 0 0 | 10 10 -56 10 
3 0 1 1 2 0 0 0 0 | 4.89138 10 10 10 
4 4 1 0 0 0 0 2 0 | 10 -54.2985 10 10 
2 1 0 0 1 0 0 0 0 | -56 50.1475 3.4 10 
1 1 2 0 1 0 1 0 0 | 10 -14 10 10 
0 3 0 0 1 0 0 3 0 | 10 10 3.4 10 
0 0 3 0 1 0 0 3 0 | 10 10 10 -56 
0 1 1 3 1 0 0 0 0 | 10 10 8.5 10 
2 0 3 1 1 0 0 0 0 | 10 23.74 10 10 
1 0 0 2 1 0 0 0 4 | 38.5766 10 10 10 
2 0 3 3 1 4 0 0 0 | 10 39.1 10 10 
0 1 0 0 1 0 0 4 0 | -51.665 16.9018 10 10 
2 0 1 0 1 0 0 0 0 | 8.5 -50.9 4.81737 -51.7776 
3 0 1 4 1 0 0 0 0 | 6.45557 -50.9 25.6147 10 
2 0 1 0 2 0 0 1 0 | 10 -50.9 10 10 
0 0 1 0 0 0 0 3 0 | 5.75186 -52.5129 3.4 10 
0 0 0 1 1 0 0 2 0 | 10 5.95162 10 10 
2 1 0 0 2 0 0 1 0 | -48.3089 15.4184 10 3.4 
4 4 1 0 0 3 0 0 0 | 10 10 3.4 10 
1 0 1 1 4 0 0 0 0 | 7 10 -40.6519 10 
2 1 3 0 4 0 2 0 0 | 10 10 8.76991 10 
1 3 1 0 4 0 0 0 0 | 52.7108 10 10 10 
0 1 3 0 4 0 0 0 0 | -50.9 0.76 1.50367 2.68832 
0 1 2 0 0 0 0 1 0 | -51.665 10 10 10 
0 3 1 0 3 0 0 0 0 | 0.76 -50.9 5.60311 2.60031 
0 0 4 1 0 0 0 0 2 | 10 10 10 3.4 
0 3 0 1 0 0 0 2 0 | 3.4 10 10 10 
0 1 0 3 1 0 0 0 0 | -52.9399 1.91127 14.1095 -51.6275 
3 4 0 2 1 0 0 0 0 | 10 10 58.0965 10 
2 4 1 2 0 0 0 0 0 | 8.5 10 10 10 
2 1 0 1 0 0 0 0 4 | -45.3258 10 10 3.4 
2 4 0 1 0 0 4 0 0 | 10 10 -54.266 10 
0 1 3 0 3 0 0 0 0 | -53.0114 10.0354 5.51962 2.254 
2 0 0 1 0 0 1 0 0 | 3.4 10 10 10 
0 3 1 0 3 0 0 2 0 | 10 10 3.4 10 
0 1 0 4 1 0 0 0 0 | -51.665 1.4542 10.6505 -55.3584 
2 0 1 3 0 0 2 0 0 | 10 10 10 7.74999 
0 1 4 1 4 0 0 0 0 | -52.174 3.4 -51.5548 10 
0 1 0 1 4 0 2 0 0 | -56 10 -49.284 10 
3 1 1 0 1 0 0 0 0 | -50.9 -51.665 45.7859 10 
3 0 0 1 1 3 0 0 0 | 3.4 10 10 10 
1 0 0 2 1 0 0 0 0 | 20.518 10 3.4 10 
3 1 0 3 0 0 0 0 0 | -54.9384 10 22.9084 10 
3 0 1 1 1 0 0 0 0 | 11.6874 10 10 -56 
0 4 0 4 1 0 0 0 0 | 1.66428 2.4897 2.18252 -50.9 
1 4 0 1 2 2 0 0 0 | 10 3.4 10 10 
0 1 0 0 0 0 0 0 2 | 10 8.5 10 10 
0 1 3 1 0 0 0 0 1 | 10 10 -56 10 
0 0 0 0 1 0 1 0 0 | 3.4 10 10 10 
1 3 1 0 1 0 0 0 0 | 7 -49.4006 7.03885 -54.6327 
0 3 0 2 1 0 0 1 0 | 10 10 -12.3028 10 
1 1 0 0 1 0 0 0 0 | -56 10 5.99845 10 
4 1 0 0 2 0 0 0 0 | -61.9556 7.71409 8.5 49.79 
3 2 1 0 1 0 0 0 0 | 8.5 -53.3035 18.3755 10 
0 1 0 0 4 0 0 1 0 | -53.6718 10 10 10 
0 3 0 1 4 0 0 0 0 | 8.24999 2.35457 -54.4084 2.8 
0 3 1 3 0 0 0 1 0 | 10 10 10 3.4 
4 1 4 0 0 0 0 0 0 | -54.2771 5.56499 3.4 45.1846 
2 0 4 0 1 0 0 0 0 | 9.4077 10 10 -50.9 
4 1 0 0 3 0 0 0 0 | -52.7914 8.5 8.5 48.8052 
2 0 0 1 4 0 0 0 0 | 3.4 23.7687 -53.0114 5.39322 
1 4 0 1 1 0 0 0 0 | 12.94 10 10 -50.9 
2 2 0 4 1 0 0 0 0 | 3.4 10.643 8.5 10 
4 2 0 0 1 0 0 0 0 | 4.52489 7.78883 3.4 -50.9 
2 0 2 2 1 0 0 0 0 | 10 34 10 10 
1 1 3 4 0 0 0 0 0 | -56 10 10 3.4 
1 0 4 0 1 0 1 0 0 | 10 10 10 -55.4694 
0 1 3 3 0 0 0 0 4 | 10 3.4 10 10 
1 2 1 1 0 0 0 0 2 | 10 -56 10 10 
4 2 1 1 4 0 0 0 0 | 10 10 -50.459 10 
0 0 4 1 2 3 0 0 0 | 10 3.4 10 10 
0 1 1 0 3 0 0 0 0 | -50.9 -56 19.5126 1.64921 
0 0 4 1 3 0 1 0 0 | 10 10 10 8.5 
1 1 4 0 4 0 0 0 0 | 10 10 10 3.4 
4 1 4 2 0 0 0 0 0 | -53.1775 7.34485 3.4 10 
2 3 0 1 0 0 0 0 0 | 3.4 44.6117 -50.9 10 
0 0 1 0 2 0 0 0 1 | 10 -51.7579 10 10 
0 0 0 1 1 0 4 0 0 | 14.3589 10 -54.2872 10 
3 3 1 0 0 0 0 0 0 | 7.735 -52.8953 21.0249 3.4 
1 0 1 0 1 0 0 4 0 | 10 10 10 -54.8818 
4 0 3 3 1 0 0 0 0 | 7.07159 8.5 10 -56 
0 0 1 1 0 0 0 3 0 | 10 -55.1106 10 10 
0 0 1 3 0 0 4 0 0 | 8.5 10 10 4.71517 
0 2 1 0 2 0 0 0 0 | 8.17837 -56 3.04507 1.22214 
0 1 4 0 4 0 0 0 0 | -44.1891 9.89604 2.76181 3.4 
2 1 3 4 0 0 0 2 0 | 10 10 3.4 10 
0 2 1 0 1 0 0 0 0 | 28.5015 -76.3761 1.22118 -53.5377 
0 4 0 2 1 3 0 0 0 | 10 10 10 -54.096 
1 3 0 0 1 0 0 0 0 | 7 3.4 10 -53.5908 
2 1 4 1 0 0 0 0 0 | -47.7827 55.1977 -51.3934 5.40377 
1 2 1 0 0 0 0 0 0 | 57.6571 -50.9 10 10 
0 4 0 1 2 0 4 0 0 | 10 3.4 10 10 
2 3 0 0 1 0 0 2 0 | 3.4 10 10 10 
0 3 1 0 2 0 0 4 0 | 10 10 3.4 10 
1 0 2 1 1 0 0 0 0 | 41.2853 10 -50.9 10 
3 0 3 2 1 0 0 0 0 | 10 8.22247 10 10 
0 3 1 1 0 0 0 0 0 | -0.370666 -75.26 -80.3586 -0.220787 
2 4 0 4 1 0 0 0 0 | 3.4 10 10 -51.665 
4 1 3 0 2 2 0 0 0 | 10 10 10 39.1 
0 0 0 1 0 0 0 0 3 | 9.84764 5.66251 10 3.4 
2 2 1 2 0 0 0 0 0 | 3.4 10 10 6.3886 
0 0 4 1 4 0 0 0 1 | 8.5 10 10 10 
0 0 4 1 0 0 0 0 3 | 6.22066 8.5 10 10 
1 0 1 4 0 2 0 0 0 | 10 10 6.60724 10 
0 2 0 4 1 0 0 0 0 | 3.74499 2.21759 2.26258 -50.9 
0 4 1 2 0 0 0 1 0 | 10 -53.3817 10 10 
0 4 0 1 3 0 0 0 2 | 6.16736 10 10 10 
2 4 1 3 0 0 0 0 0 | 3.4 10 10 10 
1 1 3 0 0 0 0 0 0 | -50.9 8.5 10 10 
4 2 1 0 4 0 0 0 0 | 10 10 10 47.9344 
1 1 0 4 0 0 0 0 0 | -50.9 8.5 5.91239 10 
0 1 4 0 2 0 0 0 0 | -52.3525 5.73575 5.134 1.91618 
1 0 3 1 0 0 0 0 0 | 7 3.4 -50.9 5.52634 
0 0 1 3 0 0 0 0 3 | 8.5 10 10 3.4 
0 3 0 4 1 0 0 0 0 | 3.4 5.95846 10 10 
0 0 0 0 1 0 2 0 0 | 10 3.4 10 10 
0 1 4 4 0 0 0 0 0 | -52.6595 0.736342 2.81437 2.63275 
0 1 2 2 0 0 0 0 0 | -77.3 5.89048 13.1958 7.12835 
4 1 0 4 0 0 0 0 0 | -53.1279 5.52151 5.86 20.3764 
0 1 1 4 0 0 0 0 2 | 10 -54.8945 10 10 
3 4 1 0 1 0 0 0 0 | 10 10 28.4881 10 
0 0 1 0 2 0 4 0 0 | 10 10 10 5.24447 
0 0 4 0 1 0 3 0 0 | 3.4 3.4 21.112 10 
4 0 2 1 0 0 0 4 0 | 6.13771 10 10 10 
2 3 1 3 0 0 0 0 0 | 9.571 -50.9 6.06284 10 
4 2 0 2 1 0 0 0 0 | 10 4.23312 10 10 
2 2 0 2 1 0 0 0 0 | 10 34.7435 10 10 
1 1 1 0 2 0 0 0 0 | 10 10 7.3066 10 
3 0 0 3 1 0 0 0 0 | 6.37299 8.59002 54.7691 10 
1 3 0 2 1 0 0 0 0 | 10 10 10 -50.9 
2 1 0 0 4 0 0 0 0 | -49.829 31.7021 4.28226 3.4 
1 0 4 0 1 0 0 4 0 | 10 10 3.4 10 
0 2 0 1 2 0 0 0 0 | 0.849282 3.14231 -50.9 2.71958 
1 0 0 0 1 0 0 0 0 | 33.5322 3.4 5.36721 -50.9 
0 1 4 1 0 0 0 0 0 | -54.228 0.595784 -50.9 5.49933 
3 1 4 0 0 0 0 0 0 | -52.3088 3.4 31.7199 3.4 
1 3 1 0 4 0 0 3 0 | 10 10 10 3.4 
0 1 0 0 0 0 0 1 0 | -55.4267 7.429 10 10 
3 1 0 2 0 0 0 0 0 | -49.6081 10 10 3.4 
0 0 2 3 1 0 0 0 0 | 5.07514 6.05056 14.1301 -48.5897 
0 3 3 0 1 0 0 0 0 | 10 3.4 10 10 
0 1 0 1 4 0 3 0 0 | 10 10 10 3.4 
4 2 0 1 4 0 0 0 0 | 5.45844 6.3886 -46.9921 20.1078 
0 1 2 0 3 0 0 0 0 | -50.9 2.63155 3.4 16.73 
4 2 0 1 0 0 0 0 0 | 8.5 7 -49.829 27.4153 
0 1 4 0 0 0 0 0 2 | 10 10 10 3.4 
0 4 1 3 2 0 0 0 0 | 5.33795 10 10 10 
3 3 1 0 4 0 0 0 0 | 3.4 -52.4569 36.4824 3.4 
2 0 0 0 1 0 1 0 0 | 10 -14 10 10 
0 2 1 0 4 0 0 0 0 | 1.45441 -50.9 2.557 2.99327 
0 3 0 4 1 0 0 0 4 | 11.564 10 10 -50.9 
0 1 3 0 0 0 2 0 0 | 10 3.4 10 10 
3 1 3 0 4 0 0 0 0 | 10 10 44.573 10 
2 1 0 1 0 0 0 2 0 | 10 10 10 3.4 
2 1 4 0 0 0 0 4 0 | -48.5968 10 10 10 
2 0 0 1 0 0 0 4 0 | 10 10 -50.9 10 
4 0 4 1 0 0 1 0 0 | 10 10 -50.9 10 
0 0 1 3 0 0 0 0 0 | 2.8 -76.025 1.96106 5.19673 
4 0 0 1 4 0 0 0 0 | 8.11418 3.4 -43.4636 16.3182 
2 1 0 4 0 0 0 0 0 | -46.7384 23.8409 3.4 6.74703 
3 3 0 0 1 0 0 0 0 | 8.5 7.735 16.5202 -33.9625 
3 0 4 1 0 0 0 0 0 | 6.7004 5.5393 10 10 
3 1 1 0 3 0 0 0 0 | -52.9399 -50.9 33.5858 10 
0 0 1 0 2 0 0 2 0 | 10 -51.971 10 10 
1 0 1 3 2 0 0 0 0 | 23.465 10 10 10 
1 4 1 0 0 0 0 0 0 | 58.4449 -49.0108 5.39598 5.81207 
2 0 3 1 4 0 0 0 0 | 3.4 10 -50.9 10 
2 1 0 0 3 0 0 0 1 | 10 46.5798 10 10 
2 1 0 3 1 0 0 2 0 | 10 12.1 10 10 
0 1 4 0 0 4 0 0 0 | -50.9 10 10 10 
0 0 1 0 1 0 4 0 0 | 4.06037 10 7.03885 10 
3 2 0 0 1 0 0 0 0 | 10 10 44.8637 10 
1 0 1 0 2 0 0 0 0 | 35.202 10 10 10 
0 0 4 1 0 0 0 0 1 | 5.99845 4.828 10 10 
1 1 2 4 0 0 0 0 0 | -50.9 10 10 7.735 
4 1 1 0 0 0 0 0 0 | -50.9 -52.6899 3.4 32.9916 
0 0 3 1 1 3 0 0 0 | 10 3.4 10 10 
2 1 4 2 0 0 0 0 0 | -50.9342 35.8707 10 5.51521 
1 0 2 0 1 0 0 0 0 | 30.0971 7.9 10 -52.0552 
3 0 2 1 3 3 0 0 0 | 10 10 10 8.5 
2 1 0 0 0 0 0 3 0 | -43.3078 10 10 10 
0 4 1 2 0 0 0 0 0 | 2.21511 -53.7848 3.3846 2.8 
0 3 2 3 1 0 0 0 0 | 8.5 10 10 10 
2 1 4 4 0 0 0 0 0 | -49.829 11.4976 5.29602 3.56183 
0 2 0 1 1 0 3 0 0 | 3.4 10 10 10 
1 0 1 4 0 0 0 0 0 | 56.7099 -49.829 5.86 3.4 
0 4 0 1 3 0 0 3 0 | 10 10 10 3.4 
2 2 0 1 4 0 0 0 0 | 8.5 27.326 10 8.5 
0 2 1 4 0 0 0 3 0 | 10 -50.9 10 10 
0 1 1 0 0 0 0 0 3 | 10 -53.6402 10 10 
0 1 0 0 2 0 0 0 0 | -76.4534 -0.431491 23.127 -0.139198 
1 0 1 4 0 0 4 0 0 | 10 10 7.19302 10 
1 0 3 0 1 0 0 0 0 | 32.8354 3.4 10 10 
2 4 0 0 1 0 0 0 0 | 3.4 30.0282 10 10 
0 4 0 0 1 0 0 0 0 | 1.69313 0.528927 0.919281 -75.26 
3 2 0 1 1 0 0 4 0 | 10 10 -50.9 10 
0 1 2 4 0 0 0 0 0 | -50.9 0.76 1.438 6.57996 
0 0 1 0 3 0 0 0 0 | 1.8815 -50.9 1.92641 22.856 
0 2 0 1 1 0 0 0 0 | 4.01198 -0.471646 -50.9 -53.5377 
3 3 1 0 2 0 0 0 0 | 7.26771 -50.9 10 10 
2 1 0 0 0 0 0 4 0 | -37.8285 10 10 10 
4 0 4 1 4 0 0 0 0 | 8.01746 7.3066 -47.2278 54.0445 
0 2 0 1 2 1 0 0 0 | -14 10 10 3.4 
1 0 1 0 0 0 0 0 0 | 50.4461 -37.6857 7.29963 1.97669 
0 1 0 1 0 0 1 0 0 | 10 10 10 5.134 
1 1 1 0 4 0 0 0 0 | -56 -56 10 3.4 
0 1 0 4 0 0 4 0 0 | -52.0552 10 10 10 
3 1 0 0 4 0 3 0 0 | -50.9 10 10 10 
0 3 1 0 2 0 0 0 0 | 15.2759 -51.665 2.31742 2.19032 
1 0 0 1 0 3 0 0 0 | 7 10 10 10 
4 0 0 1 0 0 3 0 0 | 10 10 10 12.1637 
0 1 0 4 0 0 0 0 1 | 10 6.84148 10 10 
0 1 2 0 0 0 0 2 0 | -54.7322 10 10 10 
4 3 1 1 0 0 0 0 4 | 10 10 10 12.1 
0 0 0 0 1 4 0 0 0 | 8.5 10 8.5 10 
3 2 1 0 4 0 0 0 0 | 10 10 23.9125 10 
1 0 2 1 2 0 0 0 0 | 25.9898 10 -50.9 10 
0 0 1 0 1 0 0 0 3 | 10 10 8.5 10 
0 0 2 0 1 0 1 0 0 | 3.4 10 10 10 
0 0 4 3 1 0 0 0 0 | 1.33797 3.61307 1.00663 -52.4915 
0 0 1 4 0 0 0 2 0 | 7.12819 10 10 3.4 
3 1 1 0 2 0 0 0 0 | -50.231 -52.2289 10 3.4 
1 0 4 1 3 0 0 0 0 | 10 10 10 8.5 
4 0 0 4 1 0 0 0 4 | 10 7.735 10 10 
1 0 1 1 0 0 0 0 0 | 58.8582 -82.4 -52.6336 5.87 
3 0 1 0 1 4 0 0 0 | 10 10 46.4896 10 
0 0 2 2 1 0 0 0 0 | 5.92122 3.26627 9.48845 -50.9 
2 3 0 3 1 0 0 0 0 | 8.5 10 10 -50.9 
0 0 1 1 2 0 0 0 0 | 1.33494 -54.8945 -56 7.26836 
0 1 4 0 0 0 0 0 1 | 10 10 10 -9.665 
3 0 3 0 1 0 0 0 0 | 10 5.99199 30.7001 10 
4 1 4 4 0 0 0 0 0 | 10 10 3.4 10 
0 3 0 2 1 0 0 0 0 | 1.54307 1.19956 2.54961 -50.9 
2 1 0 1 3 0 0 0 0 | -56 39.5313 -51.8512 6.77062 
1 3 1 3 0 0 0 0 0 | 55.1168 10 3.4 10 
0 0 1 0 3 0 3 0 0 | 3.4 -50.9 10 10 
4 2 1 0 0 0 0 0 1 | 10 10 10 -1.60882 
0 1 0 1 0 0 0 0 0 | -90.0071 -0.282444 -80.36 24.5815 
4 3 0 4 1 0 0 0 0 | 8.5 10 10 -56 
0 1 2 0 3 0 0 0 1 | 10 8.5 10 10 
3 0 1 0 0 0 0 0 0 | 6.24562 -52.7867 44.5288 3.4 
2 3 0 4 1 0 0 0 0 | 3.4 18.8009 10 10 
1 0 0 1 1 0 0 0 0 | 7 3.4 -54.9963 -50.9 
0 1 4 0 1 0 0 0 0 | -54.1555 2.23012 1.62292 -50.9 
1 0 0 3 1 0 0 0 0 | 41.1507 3.4 10 10 
4 1 4 3 0 0 0 0 0 | -50.9 5.134 10 10 
0 4 1 0 2 0 0 0 0 | 5.26869 -51.971 5.134 5.39747 
3 3 1 0 0 0 0 2 0 | 10 -54.7281 10 10 
2 0 0 0 1 2 0 0 0 | 10 10 10 -55.3705 
0 0 0 0 1 0 0 0 0 | 0.0431516 6.80862 0.238468 -92.1859 
0 0 4 0 1 0 0 2 0 | 10 3.4 10 10 
0 1 2 0 2 0 0 0 0 | -77.3 2.8 4.53725 10.9272 
0 0 0 4 1 0 2 0 0 | 3.4 10 10 10 
1 0 4 4 1 0 0 0 0 | 7 3.4 8.5 10 
0 4 0 0 1 0 0 0 4 | 10 4.20289 10 10 
4 1 2 1 0 0 0 0 0 | -51.665 4.46331 -56 37.4279 
0 0 3 3 1 0 0 1 0 | 10 6.97 10 10 
0 1 0 4 0 0 3 0 0 | 10 10 7.34485 10 
4 1 2 3 0 0 0 0 0 | -50.9 6.53882 3.4 37.9 
0 3 0 3 1 0 0 0 0 | 3.4 6.8374 13.3291 -52.7112 
4 3 0 1 0 0 0 0 4 | 8.5 10 10 10 
0 0 3 1 3 0 0 0 0 | 6.56391 2.8 -56 28.5912 
4 1 1 2 0 0 0 0 0 | 10 10 10 19.7909 
4 0 3 1 4 0 0 0 0 | 8.5 8.5 -46.7158 39.1 
1 1 1 3 0 0 0 0 0 | -56 -56 6.04811 6.10151 
3 4 0 4 1 0 0 0 0 | 8.5 7.17182 42.6481 -50.9 
1 0 2 3 1 0 0 0 0 | 30.6498 10 10 10 
0 2 1 4 0 0 0 0 0 | 7.06043 -56 1.66744 1.89386 
0 1 0 0 0 2 0 0 0 | 10 10 3.4 10 
0 1 0 1 3 0 0 3 0 | 10 10 10 3.4 
2 4 2 1 0 0 0 0 0 | 8.5 10 10 10 
3 1 2 0 4 0 0 0 0 | 10 6.70151 10 10 
4 2 1 2 0 0 0 0 0 | 6.1217 -50.9 3.4 31.1814 
4 4 1 2 0 0 0 0 0 | 8.5 -56 3.4 21.2915 
0 3 0 1 0 0 0 0 0 | 11.3917 0.127239 -50.9 0.342196 
0 4 0 1 4 0 0 0 0 | 12.1648 0.769224 -53.0119 1.24742 
1 1 2 1 0 0 0 0 0 | -56 2.8 -51.0902 4.87277 
1 4 0 1 0 0 0 0 0 | 50.8045 3.4 -54.7281 3.4 
0 1 0 1 2 0 0 0 0 | -79.3399 1.15642 -53.2724 14.0667 
0 3 1 0 0 0 0 0 3 | 10 10 10 3.4 
0 2 0 0 1 0 2 0 0 | 10 10 10 -56 
0 0 4 1 0 4 0 0 0 | 10 10 -51.665 10 
3 3 0 1 3 0 0 0 0 | 3.4 10 10 10 
3 1 2 0 0 0 0 0 0 | -50.9 7.735 7.84 8.5 
0 0 4 1 1 0 0 0 0 | 5.63703 0.349831 -54.2872 -50.9 
0 2 1 1 0 0 0 0 0 | 1.31154 -51.2775 -52.6164 0.196448 
2 4 0 2 1 0 0 0 0 | 8.5 10 10 10 
0 0 3 1 0 0 0 0 0 | 12.9808 0.560771 -50.9 0.3976 
0 0 1 0 2 0 0 1 0 | 10 -54.9078 10 10 
4 1 0 3 0 0 0 0 0 | -50.9 8.5 3.4 30.0111 
0 1 0 1 0 0 0 3 0 | 10 10 10 3.4 
3 1 0 0 0 0 0 0 0 | -50.9 5.48214 42.6194 3.4 
0 0 3 3 1 0 0 0 0 | 1.37273 2.10297 0.976279 -53.0114 
0 1 0 1 0 0 0 0 1 | -54.5253 10 10 10 
0 2 0 1 4 1 0 0 0 | -9.36553 10 10 10 
0 0 4 1 0 0 3 0 0 | 10 3.4 10 10 
1 4 0 3 1 0 0 0 0 | 10 10 8.5 10 
0 0 3 4 1 0 0 0 0 | 7.96993 2.8 3.00476 -50.9 
0 3 0 0 1 0 0 0 0 | 12.2487 0.321573 0.309088 -50.9 
0 0 0 1 1 0 3 0 0 | 3.4 3.4 10 10 
2 1 1 0 4 0 0 0 0 | -56 -50.9 5.01528 9.3737 
0 1 0 1 1 0 4 0 0 | -48.8589 3.4 10 -53.7248 
3 4 0 0 1 0 0 0 0 | 8.5 3.4 33.3283 -59.997 
1 0 2 1 4 0 0 0 0 | 46.6616 10 10 8.5 
3 0 2 4 1 0 0 0 0 | 6.54567 5.71251 38.0463 -49.829 
4 0 3 1 0 0 0 0 0 | 8.5 8.7726 -48.6598 42.3956 
2 3 1 0 4 0 0 0 0 | 10 -50.9 10 10 
2 0 1 0 0 0 0 0 0 | 3.4 -50.9 4.66101 5.08638 
2 1 0 1 2 0 0 0 0 | -43.8926 15.0806 -50.9 10 
3 1 0 0 4 0 0 0 0 | -49.829 8.5 44.6762 10 
2 3 0 0 1 0 0 0 3 | 10 10 3.4 10 
0 4 0 1 3 0 0 0 0 | 7.72152 3.4 -51.665 1.901 
1 1 0 1 2 3 0 0 0 | 10 10 10 8.5 
4 4 1 1 0 0 0 0 0 | 3.4 -52.8387 -56 26.3352 
4 0 4 1 1 0 1 0 0 | 10 -11.8019 10 10 
1 3 1 4 0 0 0 0 0 | 7 10 10 10 
4 1 3 3 0 0 0 0 0 | -52.7928 5.80749 3.4 10 
0 0 0 2 1 0 0 0 0 | 0.343766 0.893381 7.21111 -53.0114 
4 1 0 1 0 0 0 0 0 | -50.9 8.5 -50.9 59.1757 
0 0 4 1 3 0 0 0 0 | 7.10109 3.4 -52.3681 2.00194 
4 1 3 0 4 0 0 0 0 | -52.4122 10 3.4 10 
0 0 1 3 0 3 0 0 0 | 3.4 10 10 6.84587 
0 0 0 1 3 0 0 0 0 | 0.76 0.76 -51.971 4.79935 
0 0 0 3 1 4 0 0 0 | 10 10 4.76881 10 
0 2 1 1 2 0 0 0 0 | 10 10 -51.665 10 
0 0 1 0 0 3 0 0 0 | 10 10 18.8506 10 
0 0 1 4 1 0 0 0 0 | 12.1037 -53.131 0.389024 -50.9 
4 0 1 0 2 0 0 0 0 | 10 -50.9 10 10 
3 1 3 0 1 0 0 0 0 | 10 10 16.2716 10 
0 0 1 1 3 0 0 0 0 | 1.50422 -54.8945 -50.9 1.57687 
1 0 3 1 3 0 0 0 0 | 7 8.5 -51.665 11.5176 
0 1 3 0 1 3 0 0 0 | 10 10 3.4 10 
0 0 0 1 4 0 0 0 2 | 10 10 10 3.4 
3 3 1 2 0 0 0 0 0 | 3.4 10 10 10 
4 1 0 0 0 0 0 0 0 | -54.5573 7.735 3.4 37.3733 
0 1 0 0 4 0 0 0 3 | -50.9 6.27569 10 10 
0 2 1 0 4 0 0 4 0 | 3.4 10 10 10 
0 0 4 4 1 0 0 0 0 | 7.15473 2.24409 0.76 -50.9 
0 0 4 2 1 0 0 1 0 | 5.73866 10 10 10 
0 0 0 1 2 0 0 4 0 | 26.3183 10 10 3.4 
4 0 0 3 1 0 0 0 0 | 5.11234 5.48363 8.5 -51.3991 
4 3 1 2 0 0 0 0 0 | 8.5 -50.9 3.4 11.7193 
3 2 0 0 1 0 2 0 0 | 10 10 14.5537 10 
0 1 1 0 0 0 0 0 2 | -48.8589 10 3.4 10 
0 1 3 0 2 0 0 1 0 | 10 10 -10.3612 10 
2 1 0 0 3 0 0 2 0 | -50.9 15.8731 10 10 
4 4 0 1 0 0 0 0 0 | 8.5 5.57994 -50.9 13.153 
0 0 2 1 3 0 0 0 0 | 3.4 3.4 -50.9 1.55423 
0 4 1 1 3 0 0 0 0 | 19.5703 10 10 3.4 
2 1 1 0 2 0 0 3 0 | 10 -50.9 10 10 
3 2 1 0 0 0 0 0 0 | 8.5 -50.9 12.2131 10 
4 0 1 2 0 0 0 0 0 | 5.7886 -53 2.56 30.0008 
0 2 0 0 1 0 4 0 0 | 10 10 10 -54.0688 
0 1 0 1 1 0 0 0 0 | -50.9 22.0479 -54.266 -53.5377 
4 0 1 3 0 0 0 0 0 | 9.49908 -52.5248 3.4 7 
0 0 1 4 0 0 0 0 4 | 10.3356 10 7.735 10 
0 1 2 0 0 0 0 0 1 | -53.266 8.5 10 10 
0 3 1 0 0 0 0 0 0 | 5.89075 -53.0114 0.76 0.755847 
4 1 2 4 0 0 0 0 0 | -53.0114 8.5 3.4 10 
2 1 0 2 0 0 0 0 0 | -44.3524 26.8657 8.5 3.4 
0 1 1 0 4 0 0 0 0 | -75.26 -56 1.06423 5.50784 
1 0 3 1 2 0 0 0 0 | 40.7853 10 -50.9 10 
3 1 1 0 1 0 0 4 0 | 10 -50.9 10 10 
4 1 1 4 0 0 0 0 0 | -50.9 -50.1269 7.21171 7 
0 1 0 3 0 0 2 0 0 | 10 10 10 10.056 
1 0 1 0 0 0 0 1 0 | 11.335 10 10 3.4 
0 0 1 0 3 0 0 3 0 | 5.3588 10 10 3.4 
0 1 0 1 0 0 0 0 4 | -52.9399 4.11102 -52.071 10 
0 1 0 0 3 0 0 0 0 | -75.26 0.477738 18.2052 0.301696 
0 3 1 0 0 2 0 0 0 | 3.4 10 10 10 
4 4 0 0 1 0 3 0 0 | 10 10 10 -49.2163 
0 0 1 1 3 3 0 0 0 | 3.4 -56 10 10 
2 3 0 2 1 0 0 0 0 | 3.4 7 8.91377 10 
1 0 4 3 1 0 0 0 0 | 12.1 3.4 10 10 
0 1 0 0 0 3 0 0 0 | 10 3.4 10 10 
1 0 1 1 3 0 0 0 0 | 24.3823 10 -54.6465 10 
0 0 3 1 2 0 0 0 0 | 7.34485 6.844 -76.025 5.76678 
0 1 1 0 2 0 0 0 1 | -46.6054 10 10 10 
4 3 0 0 1 0 0 0 0 | 22.4822 10 8.5 10 
1 4 1 2 0 0 0 0 0 | 7 -50.9 8.5 21.5715 
0 1 0 0 4 0 0 0 0 | -85.4324 0.26719 5.59442 0.150612 
0 0 0 1 0 0 3 0 0 | 10 10 10 5.17201 
0 3 0 1 0 0 2 0 0 | 3.4 3.4 10 10 
1 0 1 0 2 0 0 4 0 | 10 -46.9775 10 10 
3 2 1 0 1 0 0 1 0 | 3.4 10 10 10 
0 0 0 0 1 0 0 1 0 | 8.5 10 10 10 
4 4 0 1 4 0 0 0 0 | 8.5 6.96482 -49.2426 36.007 
1 1 1 0 0 0 0 0 0 | -56 -56 5.6478 6.74485 
0 1 3 3 0 0 0 0 0 | -50.9 6.74039 0.76 0.557618 
3 1 0 3 0 2 0 0 0 | -56 10 10 10 
1 0 4 1 4 0 0 0 0 | 12.6859 10 10 10 
0 2 1 0 3 0 0 0 0 | 24.0596 -52.6769 1.91248 3.10782 
1 0 2 4 1 0 0 0 0 | 13.829 10 10 10 
0 1 3 0 2 0 0 0 0 | -56 5.52973 6.3886 6.22759 
4 1 0 1 3 0 0 0 0 | -53.4267 6.71701 -49.6454 83.6395 
0 0 0 1 0 0 0 0 0 | 6.16479 -0.0532321 -89.1317 0.497169 
0 0 3 1 1 0 0 0 0 | 6.40691 3.4 -56 -50.9 
0 3 0 0 1 0 0 1 0 | 10 10 10 -50.9 
2 4 1 2 3 0 0 0 0 | 10 -50.9 10 10 
0 3 1 0 4 0 0 1 0 | 11.3693 10 10 3.4 
0 1 1 0 0 0 0 0 0 | -89.228 -56 0.56027 19.3392 
0 0 1 0 0 0 0 0 0 | -0.580407 -50.9 -0.129073 8.82144 
0 0 3 2 1 2 0 0 0 | 8.5 10 10 10 
0 1 1 1 0 0 4 0 0 | 10 -50.9 10 10 
0 0 2 1 2 0 0 0 0 | 13.3318 0.8728 -51.971 0.0745825 
4 0 0 0 1 0 0 0 0 | 3.4 10 10 10 
0 1 0 1 4 0 0 0 0 | -50.9 0.0049559 -51.3828 8.82413 
4 0 4 4 1 0 0 0 0 | 10 4.86167 10 10 
4 0 0 2 1 0 0 0 0 | 5.78359 10 10 -50.9 
2 1 0 0 0 0 0 0 3 | -48.4875 26.31 3.4 10 
4 3 1 0 0 0 0 0 0 | 3.4 -53.3809 9.18343 12.1 
0 1 2 4 0 0 0 2 0 | -50.9 10 10 10 
0 1 1 0 1 0 0 0 0 | -50.9 -50.9 16.7211 -50.9 
0 2 1 3 0 0 0 0 0 | 18.4941 -50.9 3.72091 3.4 
3 1 0 4 1 0 0 0 0 | -48.8589 3.4 7 -50.8155 
0 0 1 0 3 2 0 0 0 | 3.4 10 10 10 
2 3 1 2 0 0 0 0 0 | 8.5 -50.9 3.57214 10 
3 3 0 3 1 0 3 0 0 | 3.4 3.4 10 10 
2 3 0 0 1 0 0 0 0 | 3.4 47.9697 10 -56 
3 0 1 0 1 0 0 0 0 | 3.4 -51.665 38.1609 -56 
3 0 1 1 4 0 0 0 0 | 10 10 -42.9297 10 
0 0 0 2 1 0 3 0 0 | 10 10 10 -55.193 
1 4 1 0 4 0 0 0 0 | 44.4617 -50.441 5.83354 2.3716 
0 0 1 0 1 0 0 0 0 | 33.8285 -91.5734 0.346761 -82.4 
0 1 0 2 1 0 0 0 0 | -50.9 1.14718 7.8697 -50.9 
2 4 1 0 1 0 0 0 0 | 8.5 -56 10 10 
0 1 0 0 1 0 0 0 0 | -87.8599 -0.80988 20.1034 -80.36 
0 4 1 0 2 0 0 2 0 | 5.45217 10 10 10 
4 3 0 1 4 0 0 0 0 | 8.5 5.22744 -44.3507 37.5262 
0 0 2 4 1 0 0 0 0 | 3.456 7.77188 1.48479 -52.4985 
0 0 0 4 1 0 0 0 0 | 5.4337 2.67348 2.27552 -50.9 
0 1 1 0 1 0 0 4 0 | 10 10 10 -56 
0 2 0 1 4 0 0 0 0 | 3.4 3.75651 -51.971 20.3764 
1 3 1 0 0 0 0 0 0 | 86.9854 -50.9 6.02816 4.73356 
0 0 0 1 1 0 1 0 0 | 3.4 -10.5555 -53.7147 10 
0 1 0 1 0 0 0 4 0 | 10 10 -50.9 10 
0 4 1 4 0 0 0 0 0 | 4.38988 -56 2.158 1.80132 
3 3 1 0 1 0 0 0 0 | 3.4 -52.3088 31.1111 10 
0 4 1 0 1 0 0 0 0 | 13.4621 -78.4934 0.308028 -53.5377 
2 0 0 0 1 0 0 0 0 | 3.4 24.3189 2.494 10 
2 1 1 0 0 0 0 0 0 | -56 -50.9 4.843 9.98484 
0 1 3 0 0 0 0 0 0 | -50.9 0.582427 5.89271 0.553033 
0 1 2 0 0 0 0 0 0 | -50.9 14.5916 1.08498 2.12261 
0 0 4 0 1 0 0 3 0 | 10 10 3.4 10 
2 2 0 1 2 0 0 0 0 | 3.4 16.3987 10 10 
0 0 3 0 1 0 0 0 3 | 10 10 3.4 10 
0 0 2 0 1 4 0 0 0 | 3.4 10 10 10 
0 2 0 1 0 0 0 0 0 | 0.0443513 27.3059 -50.9 -0.00835559 
2 2 0 0 1 0 0 0 0 | 3.4 33.1896 8.5 10 
0 2 0 0 1 0 0 0 0 | 7.95428 0.555533 1.20898 -87.3294 
0 4 1 0 4 0 0 0 3 | 10 10 3.4 10 
0 1 2 3 0 0 0 0 0 | -50.9 5.74154 0.0976 1.54783 
2 0 1 2 0 0 0 0 0 | 3.4 -50.9 10 10 
3 1 4 4 0 0 0 0 0 | -53.1338 6.3886 7 10 
0 1 2 0 0 0 1 0 0 | -50.9 10 10 10 
0 1 0 4 0 0 0 0 0 | -50.9 0.5288 8.55577 0.0256078 
3 1 1 0 1 3 0 0 0 | 10 10 7 10 
1 1 4 0 0 0 0 0 1 | 10 10 10 -14 
2 1 0 2 1 0 0 0 0 | -56 19.2637 10 -56 
4 1 2 0 0 0 0 0 0 | -53.0114 9.74768 3.4 24.2356 
2 1 2 0 1 0 0 0 0 | -49.829 18.9942 3.4 10 
4 0 1 0 0 0 0 0 0 | 7.05089 -49.6977 8.5 25.0079 
4 4 0 1 1 0 0 0 0 | 10 10 10 -50.9 
2 1 0 4 1 0 0 0 0 | -56 15.9161 10 10 
1 2 1 4 0 0 0 0 0 | 55.5507 -50.9 10 10 
4 4 1 4 0 0 0 0 0 | 10 10 10 30.7079 
0 0 4 0 3 0 0 0 0 | 3.4 3.4 3.4 10 
0 1 3 2 0 0 0 0 0 | -50.9 3.4 22.3829 4.08572 
1 4 1 4 0 0 0 0 0 | 7 -49.5176 3.4 7.82823 
4 1 1 3 0 0 0 0 0 | -50.9 -56 10 20.4211 
2 1 2 1 0 0 0 0 0 | -50.9 66.9606 10 10 
0 0 4 0 1 0 0 4 0 | 10 5.43558 10 10 
1 0 0 1 1 2 0 0 0 | 10 10 -54.5805 10 
0 0 0 1 3 0 1 0 0 | 10 -8.9 10 10 
3 3 0 1 4 0 0 0 0 | 10 10 -50.9 10 
2 1 0 0 1 0 1 0 0 | -56 10 8.5 10 
4 0 0 2 1 0 0 1 0 | 8.5 10 10 10 
0 0 1 1 1 0 0 0 0 | 24.3832 -56 -54.2872 -50.9 
0 3 0 1 1 0 3 0 0 | 10 10 -56 10 
2 1 0 0 3 0 0 3 0 | 10 35.9343 10 10 
2 1 1 4 0 0 0 0 0 | -56 10 8.5 10 
3 2 1 0 2 0 0 0 0 | 8.5 -51.9909 10 8.5 
4 1 0 0 4 0 0 0 0 | 10 10 10 16.0392 
3 1 0 0 2 0 0 0 0 | -50.9 8.5 48.7013 3.4 
1 0 2 1 0 0 0 0 0 | 41.3216 5.96066 -50.9 6.84523 
4 0 1 1 3 0 0 0 0 | 6.80242 -53.5948 -50.9 10 
2 1 0 1 0 0 2 0 0 | 10 7 10 10 
4 0 1 1 0 0 0 0 0 | 7.9939 -53.1338 -35.6306 31.5703 
2 2 1 0 4 0 0 0 0 | 3.4 -50.9 5.09536 10 
2 3 0 1 4 0 0 0 0 | 8.5 7.84 10 10 
4 4 0 2 1 0 0 0 0 | 10 10 10 -50.9 
1 1 2 0 3 0 0 0 0 | -50.9 10 10 3.4 
0 4 1 1 1 0 0 0 0 | 3.4 -52.6655 10 10 
1 1 1 1 0 0 0 0 0 | -50.9 -56 -54.266 10 
4 0 1 4 0 4 0 0 0 | 10 -54.572 10 10 
4 1 2 3 0 4 0 0 0 | -56 10 10 10 
2 0 0 1 0 0 0 0 0 | 3.4 27.9559 -52.6447 4.87678 
4 1 1 2 0 0 0 0 4 | 10 -50.9 10 10 
3 1 0 0 1 0 0 0 0 | -50.9 4.28944 48.7935 -77.3 
4 0 4 0 1 0 2 0 0 | 10 3.4 10 10 
0 4 1 1 0 0 0 0 0 | 0.904123 -52.3118 -50.9 17.7369 
0 1 4 2 0 0 0 0 0 | -50.9 7.9 6.29284 6.2662 
0 0 1 0 0 0 0 1 0 | 3.4 -54.5007 10 10 
0 0 2 0 1 0 0 0 4 | 11.1746 10 8.7333 10 
2 3 0 1 0 0 4 0 0 | 10 10 10 7.99082 
0 0 1 2 0 0 0 0 0 | 2.03405 -78.0534 1.36107 25.0031 
1 0 2 2 1 0 0 0 0 | 35.2012 10 10 -54.572 
3 1 1 3 0 0 0 0 0 | -49.492 -44.7556 10 3.4 
1 0 1 0 3 0 0 0 0 | 41.0408 10 4.44847 10 
2 4 0 1 0 0 0 0 0 | 3.4 34.4417 10 10 
2 1 2 0 0 0 0 0 0 | -48.4924 60.5828 7.96578 10 
0 1 4 1 2 0 0 0 0 | -54.0772 10 10 10 
0 1 2 0 1 0 0 0 0 | -56 5.74012 1.80284 -56 
0 0 2 4 1 0 0 0 4 | 10 10 16.7173 10 
4 3 0 0 1 1 0 0 0 | -14 10 10 10 
2 4 0 1 0 0 0 0 4 | 10 29.1703 10 10 
0 1 4 3 0 0 0 0 0 | -50.9 2.72844 9.51842 4.5102 
2 0 1 4 0 0 0 0 0 | 7.135 -50.9 6.31302 5.89022 
4 0 1 4 0 0 0 0 0 | 5.05696 -52.5177 6.895 7 
0 0 1 1 0 3 0 0 0 | 3.4 10 10 10 
4 0 0 1 3 0 0 0 0 | 6.56755 3.4 -44.5352 41.0248 
0 0 0 1 0 0 4 0 0 | 8.56847 10 10 8.5 
0 0 0 0 1 3 0 0 0 | 10 10 12.5974 10 
2 1 3 1 0 0 0 0 0 | -50.9 7 -54.2983 10 
2 1 0 2 4 0 0 0 0 | 10 10 9.31738 10 
0 2 1 0 3 0 0 0 2 | 10 -50.9 10 10 
2 1 0 3 0 0 0 1 0 | 10 52.6638 10 10 
0 0 1 0 2 4 0 0 0 | 3.4 -51.8678 5.517 10 
0 3 1 0 1 0 0 0 0 | 17.0888 -53.0114 0.552305 -53.5377 
4 0 1 0 4 3 0 0 0 | 3.4 10 10 10 
4 3 1 3 0 0 0 0 0 | 7.72138 10 10 7 
0 1 0 1 2 0 0 4 0 | 10 10 10 3.4 
3 4 1 0 3 0 0 0 0 | 8.5 -53.2011 30.8485 10 
2 4 1 0 4 0 0 0 0 | 10 -50.9 10 10 
2 1 4 0 4 0 0 0 0 | 10 48.5286 10 3.4 
0 0 3 2 1 0 0 0 0 | 2.5975 2.75833 23.208 -50.9 
0 1 0 0 4 0 0 0 1 | -50.8733 10 10 10 
0 1 1 0 2 0 0 0 0 | -50.9 -77.3 6.99531 2.23752 
0 2 0 3 1 0 0 0 0 | 0.76 15.8721 1.7593 -50.9 
0 1 4 0 4 0 0 0 3 | 10 20.4356 10 10 
1 0 0 1 0 0 0 0 0 | 20.0422 4.804 10 10 
1 0 2 0 1 3 0 0 0 | 10 10 5.80108 10 
1 3 0 1 2 0 0 0 0 | 10 10 -52.7956 10 
2 1 1 1 0 0 0 0 0 | -56 -41.7068 -50.9 13.93 
2 0 4 1 1 0 0 0 0 | 3.4 10 10 10 
3 1 2 0 1 4 0 0 0 | -56 10 10 10 
2 0 1 1 0 0 0 0 0 | 8.5 10 -50.9 10 
4 4 1 0 3 0 0 0 0 | 8.5 10 10 10 
0 4 0 1 1 0 0 0 0 | 1.11424 27.9942 -51.971 -53.5377 
2 1 3 4 0 0 0 0 0 | -48.0664 5.8 6.19916 6.67153 
0 0 0 1 0 0 0 3 0 | 4.35197 10 -56 3.4 
0 0 0 0 1 0 0 0 4 | 10 8.5 10 10 
0 0 0 0 1 0 0 4 0 | 10 7.84525 10 10 
0 1 4 4 0 0 2 0 0 | -50.9 10 10 6.2662 
0 0 1 2 1 0 0 0 0 | 2.72904 -53.7301 4.3532 -50.9 
1 2 1 3 0 0 0 0 0 | 62.0346 10 10 10 
0 2 1 0 0 0 0 0 0 | 25.9142 -75.26 1.79014 2.23785 
0 1 0 4 2 0 0 3 0 | 10 10 10 3.4 
2 3 0 1 2 0 1 0 0 | 10 10 -31.1093 10 
4 4 1 0 0 0 0 0 0 | 6.41588 -50.9 10 10 
3 0 1 0 4 0 0 0 0 | 7.735 -53.0456 38.0983 10 
0 0 2 1 1 0 0 0 0 | 9.72331 1.26641 -54.1799 -50.9 
2 4 0 0 1 1 0 0 0 | 10 34 10 10 
1 0 1 2 0 0 0 0 0 | 49.3593 -49.829 6.49232 6.13398 
1 0 1 0 4 0 0 0 0 | 55.5697 -49.829 3.91232 4.534 
1 4 1 0 0 0 0 0 4 | 37.5899 10 10 10 
2 1 0 1 4 0 0 0 0 | -56 43.3698 -52.1329 3.4 
1 0 1 3 0 0 0 0 0 | 27.3555 -42.6827 10 8.5 
0 4 0 1 0 0 0 0 0 | 0.561205 20.3563 -79.2872 0.475781 
3 1 1 2 0 0 0 0 0 | 10 10 10 3.4 
0 0 0 1 1 0 0 0 0 | 5.25081 1.04341 -76.4534 -77.8977 
0 0 2 1 1 2 0 0 0 | 3.4 3.4 10 10 
4 2 0 4 1 0 0 0 0 | 7.41768 10 10 10 
0 0 2 0 1 0 0 0 0 | 4.52842 0.0657897 -0.416568 -50.9 
2 0 2 0 1 0 0 0 0 | 8.5 10 10 10 
0 0 1 0 1 1 0 0 0 | 10 -50.9 10 10 
1 0 1 0 1 0 0 0 0 | 19.1873 10 10 10 
2 0 3 0 1 0 0 0 0 | 3.4 7 10 -50.9 
4 1 0 3 1 0 0 0 0 | -50.9 5.68306 10 10 
0 1 0 2 0 0 0 0 0 | -50.9 0.102856 -0.158367 7.76499 
3 0 1 0 0 0 0 1 0 | 10 10 10 3.4 
0 4 2 1 1 0 0 0 0 | 19.973 10 10 10 
4 1 0 1 2 0 0 0 0 | 10 10 10 79.5826 
2 1 0 1 0 0 0 0 3 | 10 17.1827 10 10 
4 0 3 1 3 0 0 0 0 | 10 7.52023 10 10 
0 1 1 0 4 0 0 2 0 | 10 10 10 3.4 
4 0 2 1 1 0 0 0 0 | 6.2662 8.5 10 -56 
4 0 0 4 1 0 0 0 0 | 12.288 3.4 3.4 -36.059 
4 4 1 3 0 0 0 0 0 | 8.5 -42.0487 10 7 
2 4 0 1 4 0 0 0 0 | 3.4 7 -55.5706 10 
0 1 3 4 0 0 0 0 0 | -50.9 2.5557 0.0976 2.55786 
2 1 0 1 1 0 0 0 0 | -56 48.7753 -54.2872 10 
0 3 4 0 1 0 0 0 0 | 10 10 6.02611 10 
4 1 1 0 0 0 4 0 0 | -48.8589 10 10 10 
0 1 3 0 2 0 0 0 1 | 10 10 10 -8.9 
3 3 1 0 1 1 0 0 0 | 10 10 10 -40.1334 
1 0 0 1 3 0 0 0 0 | 26.3232 10 10 10 
0 0 0 0 1 0 0 0 3 | 5.61427 10 3.4 10 
1 4 1 0 1 0 0 0 0 | 12.46 -44.4994 6.28696 -51.5332 
2 1 0 3 0 0 0 0 0 | -50.9 25.5975 6.41109 3.88456 
0 0 1 1 0 0 0 0 0 | 18.436 -90.104 -50.9 -0.00675641 
0 0 0 1 3 0 2 0 0 | 8.5 10 10 10 
0 0 4 0 1 0 1 0 0 | 3.4 -9.80739 10 -54.0398 
0 1 1 1 0 0 0 0 0 | -85.004 -77.3 -54.2872 2.68094 
4 0 1 3 1 0 0 0 0 | 13.4649 10 10 -50.9 
3 1 3 0 2 0 0 0 0 | -52.2495 8.4399 33.4763 10 
0 0 1 0 0 0 0 2 0 | 9.29283 -33.2903 10 3.4 
3 4 0 1 3 0 0 0 1 | 3.4 10 10 10 
0 3 1 0 4 0 0 0 0 | 3.65128 -51.665 10.3416 3.4 
0 4 0 0 1 0 0 0 3 | 10 10 3.4 10 
0 0 0 0 1 0 0 3 0 | 5.70644 8.5 3.4 10 
2 2 1 0 1 0 0 0 0 | 8.5 -56 10 10 
2 1 3 0 1 0 0 0 0 | -56 28.0499 10 10 
3 1 3 0 1 3 0 0 0 | -50.9 10 10 10 
0 1 0 3 0 0 0 0 0 | -75.26 0.424 2.45745 0.184685 
3 0 1 3 2 0 0 0 0 | 10 10 41.144 10 
0 0 0 1 4 0 1 0 0 | 10 -8.9 10 10 
0 3 1 2 0 0 0 0 0 | 4.64172 -50.9 2.28583 1.70329 
1 0 2 1 0 2 0 0 0 | 10 10 -53.5702 10 
3 1 1 0 4 0 0 0 0 | 10 -50.1922 33.196 10 
0 0 2 1 4 0 0 0 0 | 6.21731 5.76286 -50.9 6.75031 
0 3 0 1 0 0 0 0 4 | 8.87884 10 10 10 
0 0 1 0 4 0 0 0 0 | 8.92487 -77.6357 0.0405806 0.80847 
1 0 1 0 0 0 0 4 0 | 44.5988 10 3.4 10 
1 4 0 1 3 0 0 0 0 | 7 10 10 10 
4 1 0 1 4 0 0 0 0 | -48.8589 5.01724 -51.0761 50.1867 
4 2 1 0 3 0 0 0 0 | 10 10 10 12.1 
0 1 3 0 1 0 0 0 3 | 10 10 10 -50.9 
4 0 0 1 0 0 0 0 0 | 6.88235 6.844 -49.385 24.3829 
0 0 3 0 1 0 0 2 0 | 15.7075 5.82981 10 10 
0 1 1 2 0 0 0 0 0 | -56 -50.9 4.66397 -0.0854054 
0 0 4 1 4 0 0 0 0 | 1.99502 7.03483 -52.7841 2.00056 
0 0 4 1 2 0 0 0 0 | 11.2384 0.76 -51.665 6.3886 
1 1 0 0 3 0 0 0 0 | -50.9 10 3.4 10 
1 4 1 0 2 0 0 0 0 | 26.1445 -49.829 6.29523 6.88381 
4 3 1 4 0 0 0 0 2 | 11.2678 10 10 10 
2 1 0 0 0 0 0 0 0 | -38.66 62.2296 7.55484 6.73253 
4 2 0 1 0 0 2 0 0 | 10 8.5 10 10 
1 1 3 2 2 0 0 0 0 | 10 10 10 7.2119 
2 0 4 1 0 0 0 0 0 | 3.4 27.34 10 10 
2 2 0 1 3 0 0 0 0 | 10 40.7018 10 10 
0 2 0 2 1 0 0 0 0 | 0.973977 0.112705 4.52217 -50.9 
2 1 3 0 0 0 0 0 0 | -49.829 62.7835 8.5 10 
3 2 0 1 1 0 0 0 0 | 5.22014 3.4 -50.9 -56 
0 4 0 2 1 0 0 0 0 | 3.30104 1.22561 6.79382 -50.9 
0 2 0 1 1 1 0 0 0 | 10 10 10 -53.0393 
2 1 4 3 0 0 0 0 0 | -48.4783 53.1822 3.4 10 
0 0 4 2 1 0 0 0 0 | 2.94491 5.97335 2.5866 -52.5585 
4 1 2 2 0 0 0 0 0 | -56 4.43287 8.5 12.1 
0 2 1 3 0 0 4 0 0 | 3.4 10 10 10 
3 0 1 0 2 0 0 0 0 | 2.494 -50.9 42.8255 3.4 
2 2 0 1 1 0 0 0 0 | 5.86 22.679 10 10 
1 0 0 3 1 0 0 2 0 | 10 10 10 -56 
0 2 1 2 0 0 0 1 0 | 10 -50.9 10 10 
1 0 0 0 1 0 0 0 4 | 7 10 10 10 
3 1 3 3 0 0 2 0 0 | 10 3.4 10 10 
0 4 1 0 0 0 0 0 0 | 8.5537 -51.9388 0.271028 1.27032 
3 0 1 2 0 0 0 0 0 | 33.3102 -50.9 10 10 
0 1 3 0 3 0 0 3 0 | -54.5955 10 8.5 10 
0 1 1 4 0 0 0 0 0 | -50.9 -50.9 6.7965 0.389264 
3 1 0 0 1 0 3 0 0 | 10 10 19.1934 10 
0 0 0 0 1 1 0 0 0 | -9.971 10 6.5307 10 
0 3 0 1 3 0 0 0 0 | 6.28304 4.228 -51.665 2.16565 
0 1 4 2 1 0 0 0 0 | 10 3.4 10 10 
2 1 0 4 0 0 0 2 0 | -50.9 10 10 10 
3 0 0 1 4 0 0 2 0 | 10 10 -50.9 10 
3 1 0 0 2 0 0 3 0 | -47.0916 10 10 3.4 
4 1 4 1 0 0 0 0 0 | -45.6031 10 -56 10 
1 1 0 3 0 0 0 0 0 | -50.9 8.5 7.429 7.18398 
0 2 0 1 0 1 0 0 0 | 10 10 -52.4944 10 
1 1 2 0 0 0 0 0 0 | -56 8.5 6.3886 7.81694 
0 0 2 1 0 0 0 3 0 | 3.4 10 10 10 
0 0 3 0 1 0 0 0 0 | 14.6272 1.47904 0.906959 -91.1046 
2 4 0 1 1 0 0 0 0 | 8.5 37.7965 10 -51.665 
0 4 1 0 4 0 0 0 0 | 9.37449 -50.9 3.99703 4.22108 
3 1 1 4 0 0 0 0 3 | 10 10 34 10 
0 0 1 3 1 4 0 0 0 | 8.5 10 10 10 
0 2 0 1 3 0 0 0 0 | 11.7533 2.50816 -50.9 0.738899 
2 1 0 0 3 0 0 0 0 | -49.829 12.4858 6.50029 3.4 
4 4 0 0 1 0 0 0 0 | 8.5 8.5 3.4 10 
0 4 1 4 0 0 3 0 0 | 10 10 3.4 10 
4 0 1 0 1 0 0 0 0 | 9.56714 10 10 10 
0 0 3 1 4 0 0 0 0 | 6.6053 4.61981 -53.2619 3.4 
0 4 1 0 0 0 2 0 0 | 10 10 3.4 10 
2 2 1 0 0 0 0 0 0 | 8.5 10 10 7.73044 
0 1 1 0 0 0 0 3 0 | 10 10 10 3.4 
2 0 0 3 1 0 1 0 0 | 3.4 10 10 -54.1791 
2 1 0 1 0 0 0 0 0 | -56 57.7095 -54.266 4.71089 
2 1 0 0 0 0 1 0 0 | 10 10 10 11.8709 
3 2 0 1 2 0 0 0 0 | 3.4 4.40251 10 10 
2 4 0 4 1 0 4 0 0 | 8.5 7 10 10 
2 1 0 4 0 0 3 0 0 | 10 10 7.05039 10 
0 1 0 4 1 0 4 0 0 | 10 3.4 10 10 
0 0 1 0 4 0 0 0 1 | 10 -51.94 10 10 
3 0 4 1 1 0 0 0 0 | 10 10 -50.9 10 
0 3 1 3 1 0 0 0 0 | 11.0661 10 8.5 10 
4 1 0 2 1 0 0 0 0 | -53.1335 10 3.4 10 
4 4 0 1 1 3 0 0 0 | 3.4 10 10 10 
0 3 1 4 0 0 0 0 0 | 2.8 -50.9 2.1376 3.12628 
3 1 0 0 2 0 3 0 0 | 10 3.4 10 10 
0 3 1 1 1 2 0 0 0 | 10 -50.9 10 10 
0 1 0 3 2 0 0 0 0 | -55.049 10 10 10 
3 0 2 3 1 0 0 0 0 | 5.8671 8.18642 18.4606 10 
1 0 3 1 2 2 0 0 0 | 10 10 -52.8361 10 
1 0 1 2 1 0 0 0 0 | 21.7672 10 8.5 10 
3 0 1 4 0 0 0 2 0 | 10 10 10 3.4 
3 2 4 0 1 0 0 0 0 | 10 5.56955 10 10 
0 1 2 2 0 0 0 1 0 | -50.9 10 10 10 
3 0 3 1 0 0 0 3 0 | 10 10 -50.9 10 
0 0 0 1 1 1 0 0 0 | 10 3.4 10 10 
0 1 2 0 4 0 0 0 0 | -50.9 2.4417 1.6156 2.8 
4 1 2 0 0 0 1 0 0 | 10 10 10 39.1 
2 1 4 0 0 0 0 0 0 | -48.8263 31.5741 8.5 10 
0 1 0 0 0 0 1 0 0 | -50.9 10 10 4.534 
3 1 0 0 3 0 0 4 0 | 10 10 10 3.4 
3 0 0 1 2 0 0 0 0 | 8.36529 4.81642 -50.9 8.5 
4 0 1 0 4 0 0 0 0 | 7.429 -38.66 3.4 12.1 
0 0 1 3 1 0 0 0 4 | 10 10 8.5 10 
0 1 3 1 0 0 0 0 0 | -50.9 3.89026 -54.1799 1.58235 
3 0 0 4 1 0 3 0 0 | 10 3.4 10 10 
1 0 1 4 0 0 3 0 0 | 7 10 10 10 
0 0 4 0 1 0 2 0 0 | 3.4 3.4 10 10 
3 0 0 4 1 0 0 0 0 | 3.4 4.828 50.5779 -50.9 
4 0 1 0 3 0 0 0 0 | 5.134 -52.2647 3.4 35.0037 
2 4 0 1 2 0 0 0 0 | 3.4 10 10 8.5 
4 1 1 2 0 3 0 0 0 | 10 10 3.4 10 
1 0 0 1 4 0 0 0 0 | 29.7652 3.4 -52.8193 3.4 
0 0 1 3 1 2 0 0 0 | 10 -56 10 10 
2 3 0 1 0 1 0 0 0 | 10 10 10 17.7792 
4 0 1 1 1 0 0 0 0 | 10 -51.665 10 10 
4 3 0 1 0 0 4 0 0 | 10 10 10 25.9734 
0 1 0 0 3 0 0 0 2 | 10 10 3.4 10 
0 0 0 1 4 0 2 0 0 | 10 10 -54.8353 10 
0 0 1 0 0 1 0 0 0 | 10 10 10 8.5 
1 0 4 1 0 0 0 0 1 | 13.171 10 10 10 
1 1 4 3 0 0 0 0 0 | 10 10 10 6.6159 
0 1 0 0 4 0 3 0 0 | -50.9 10 6.5418 10 
0 1 0 3 0 0 1 0 0 | -50.9 10 10 10 
0 0 4 1 4 0 1 0 0 | 10 10 -54.9503 10 
2 0 3 2 1 0 0 0 0 | 10 41.74 10 10 
0 0 4 1 0 0 0 0 0 | 11.3881 0.703803 -50.9 0.759351 
0 1 2 0 0 0 0 0 3 | 10 10 8.5 10 
0 2 0 4 1 0 3 0 0 | 3.4 10 10 10 
3 0 2 1 2 0 0 0 0 | 8.5 8.5 -50.9 10 
3 1 1 4 0 0 4 0 0 | -52.9399 10 10 10 
2 1 0 0 1 0 0 1 0 | 10 14.1456 10 10 
0 1 1 0 2 0 0 4 0 | -54.266 -50.9 10 10 
0 4 0 1 2 0 0 0 0 | 4.30421 5.53279 -53.2724 5.38645 
0 0 1 0 0 0 3 0 0 | 3.4 10 10 4.44973 
0 1 1 3 0 0 0 0 1 | 10 -53.131 10 10 
2 1 0 0 3 0 0 0 2 | 10 10 10 3.4 
0 0 1 0 1 0 0 3 0 | 6.3886 -51.0312 10 10 
0 0 0 1 0 0 2 0 0 | 10 10 10 5.33243 
1 4 0 0 1 0 0 0 0 | 43.8536 3.4 10 10 
3 1 0 0 3 0 0 1 0 | 10 10 -14 10 
1 1 0 0 3 0 0 1 0 | 10 8.5 10 10 
0 0 1 1 4 0 0 4 0 | 10 10 -50.9 10 
4 0 4 1 0 0 0 0 0 | 5.30841 6.10176 -49.6013 55.2696 
3 3 0 1 2 2 0 0 0 | 3.4 10 10 10 
4 1 3 0 4 0 2 0 0 | 10 10 10 7 
4 0 1 4 1 0 0 0 0 | 10 10 3.4 10 
4 2 1 1 1 0 0 0 0 | 5.86228 10 10 10 
0 1 0 0 4 0 0 4 0 | -54.266 10 10 10 
0 0 1 0 0 4 0 0 0 | 3.4 -51.0722 6.30844 10 
1 0 1 1 0 0 0 0 1 | 10 10 10 -7.829 
0 0 1 2 0 3 0 0 0 | 3.4 10 10 10 
4 1 0 2 0 0 0 0 0 | -53.0114 6.04816 8.5 48.4025 
0 4 1 0 0 3 0 0 0 | 3.4 -50.9 8.90257 10 
3 2 1 0 0 1 0 0 0 | -10.9985 10 10 10 
2 1 0 4 0 0 0 3 0 | 10 10 3.4 10 
2 0 0 1 3 0 0 0 0 | 3.4 16.5064 -54.972 10 
1 0 4 1 0 0 0 0 0 | 63.0182 10 -40.6519 8.5 
0 1 1 2 1 0 0 0 0 | -48.856 10 6.26902 10 
0 1 0 0 3 0 0 3 0 | -50.9 15.4629 10 10 
1 1 3 3 0 0 0 0 0 | 10 10 8.5 10 
0 0 0 4 1 0 0 0 4 | 7.429 10 10 10 
4 3 0 1 0 0 0 0 0 | 6.24795 5.28563 -49.829 29.31 
3 4 0 1 4 0 0 0 0 | 10 15.2109 10 10 
1 1 1 0 3 0 0 0 0 | 10 -56 10 10 
0 1 1 4 0 4 0 0 0 | 10 10 10 12.1757 
0 0 0 3 1 0 0 0 0 | 1.58239 1.12323 0.52 -50.9 
0 0 1 1 4 0 0 0 0 | 0.76 -51.665 -53.2452 21.1584 
3 1 3 0 0 0 0 0 0 | -53.2189 6.63317 7 10 
4 2 0 1 3 0 0 0 0 | 6.39051 7.95274 -52.43 20.8462 
2 3 1 0 1 0 0 0 0 | 8.5 -50.9 7.37067 -53.5377 
0 3 0 1 3 0 0 4 0 | 10 10 10 8.5 
4 1 0 3 0 0 0 0 4 | 10 10 10 7 
0 1 2 3 2 0 0 0 0 | -51.665 10 10 10 
2 0 2 3 1 0 0 0 0 | 10 39.1 10 10 
3 3 0 4 1 0 0 0 0 | 3.9815 5.14314 12.5176 -51.0321 
4 1 3 0 0 0 0 0 0 | -54.266 8.5 8.5 12.1 
4 1 1 1 0 0 0 0 0 | -56 -77.3 -56 25.9121 
2 1 4 0 1 0 0 0 0 | -43.1709 48.7384 6.6133 10 
1 0 3 1 0 0 0 0 3 | 26.1124 10 10 10 
4 1 3 0 3 0 0 0 0 | -50.9 6.09169 10 10 
4 2 0 1 0 1 0 0 0 | 10 10 -45.9725 10 
2 0 2 1 0 0 0 0 0 | 8.5 39.1 10 10 
0 1 1 4 1 0 0 0 0 | -52.6577 -52.7429 10.5502 -53.445 
0 1 3 0 1 0 0 0 0 | -50.9 3.32835 20.2615 -53.5377 
4 3 0 2 1 0 0 0 0 | 6.24795 10 10 10 
4 3 0 1 0 0 0 0 3 | 8.5 6.50875 10 10 
2 1 0 0 0 0 0 2 0 | 10 10 10 8.5 
0 0 3 0 3 0 0 0 1 | 10 10 10 -56 
0 2 0 1 0 0 3 0 0 | 3.4 10 10 4.828 
1 0 1 2 0 4 0 0 0 | 10 -50.9 10 10 
0 3 1 0 1 0 0 3 0 | 13.0685 10 10 10 
3 0 1 0 2 0 0 1 0 | 9.06549 10 10 10 
0 1 2 3 1 0 0 0 0 | -56 7.91671 10 10 
3 1 4 0 1 0 0 0 0 | -47.6904 10 10 -56 
0 1 0 3 0 0 0 0 4 | 10 10 8.5 10 
0 0 0 1 0 1 0 0 0 | 10 10 10 13.73 
0 2 1 2 0 0 0 0 0 | 1.0918 -50.9 3.21214 0.905584 
0 0 1 1 2 1 0 0 0 | 10 -56 10 10 
4 3 0 1 0 0 3 0 0 | 10 10 10 43.3743 
0 0 1 0 0 0 0 0 2 | 6.40068 -52.3693 10 3.4 
0 4 0 0 1 0 2 0 0 | 10 8.5 10 10 
1 0 1 1 2 0 0 0 0 | 15.0232 10 -46.9253 3.4 
0 4 0 1 4 0 0 2 0 | 15.559 10 10 3.4 
0 0 1 1 1 1 0 0 0 | -10.254 -56 -50.1042 10 
3 0 4 0 1 0 3 0 0 | 10 10 10 -33.3942 
3 0 1 0 3 0 0 0 0 | 7.735 -54.572 26.2556 5.86 
3 1 0 1 0 0 0 0 0 | -52.9399 5.43214 10 8.5 
1 4 1 3 0 0 0 0 0 | 56.1027 10 3.4 10 
0 4 0 2 1 1 0 0 0 | 10 10 10 -50.9 
0 1 4 0 4 0 0 4 0 | 10 10 3.4 10 
0 1 4 0 1 0 0 3 0 | 10 6.9343 10 10 
0 0 1 0 1 0 0 4 0 | 7.429 -52.6083 8.5 -56 
2 1 2 0 4 0 0 0 0 | -48.0664 57.4359 4.88051 10 
0 0 4 0 1 0 0 0 0 | -0.197751 -0.195354 5.31631 -50.9 
0 1 3 1 4 0 0 0 0 | 10 8.5 10 10 
0 1 0 1 0 0 3 0 0 | -56 10 10 10 
4 1 4 0 4 0 0 0 0 | -46.6937 38.029 10 7 
0 4 1 0 0 0 0 0 2 | 10 -50.0705 10 10 
4 0 4 1 3 0 0 0 0 | 5.66931 3.4 -47.163 34 
0 1 1 0 3 0 0 1 0 | 10 10 10 3.4 
0 2 1 0 3 0 3 0 0 | 3.4 10 10 10 
0 3 1 0 4 0 0 0 1 | 5.17634 -54.8887 10 10 
1 0 2 1 3 0 0 0 0 | 20.9655 10 -50.9 10 
4 3 1 0 3 0 0 0 0 | 3.4 10 10 10 
3 0 4 3 1 0 0 0 0 | 5.27534 6.26909 18.6108 -49.2292 
0 1 3 0 0 0 0 1 0 | 10 10 -9.9142 10 
0 1 1 3 0 0 0 1 0 | 10 10 10 3.4 
0 0 1 0 0 0 0 0 3 | 6.68435 -52.8926 3.4 10 
0 1 2 0 2 3 0 0 0 | 10 10 10 6.36611 
3 4 1 0 4 0 0 0 0 | 10 10 51.3161 10 
4 3 1 1 0 0 0 0 0 | 8.5 -52.299 -56 15.6826 
2 4 1 4 0 0 0 0 0 | 3.4 10 10 6.89709 
3 1 0 0 3 0 0 0 0 | -50.9 8.5 44.5471 10 
3 4 0 1 0 0 0 0 0 | 5.134 10 -50.9 10 
4 2 1 4 0 0 0 0 0 | 10 10 10 36.5825 
0 1 4 3 1 0 0 0 0 | 10 10 11.3157 10 
0 1 3 0 0 0 0 0 2 | 10 10 3.4 10 
4 2 1 3 0 0 0 0 0 | 4.5475 -41.4971 3.4 7 
0 0 1 0 2 0 0 0 0 | 8.10236 -76.331 0.569712 0.549403 
3 0 1 0 4 0 0 1 0 | 10 10 10 3.4 
3 0 0 1 3 0 0 2 0 | 10 10 -50.9 10 
2 0 1 0 3 0 0 0 0 | 8.5 -50.9 8.02983 6.55569 
4 0 1 0 0 0 0 4 0 | 5.48215 10 10 10 
4 1 2 4 0 0 0 3 0 | 10 10 10 7 
2 0 0 1 0 2 0 0 0 | 10 10 10 3.4 
2 3 1 3 0 0 3 0 0 | 10 -50.9 10 10 
1 0 0 0 1 0 0 4 0 | 10 10 8.5 10 
3 0 1 0 0 4 0 0 0 | 3.4 10 10 10 
1 0 4 1 0 0 2 0 0 | 10 10 -50.9 10 
1 0 3 4 1 0 0 0 4 | 10 8.5 10 10 
0 1 0 4 1 0 0 2 0 | 10 5.14105 10 10 
2 3 0 1 2 0 0 0 0 | 8.5 15.7352 10 4.48386 
2 0 4 1 2 0 0 0 0 | 3.4 10 10 3.4 
0 0 4 1 1 0 3 0 0 | 8.5 3.4 10 10 
3 1 2 4 0 0 0 0 0 | -52.9142 8.5 10 10 
1 0 1 4 1 0 0 0 0 | 7 -56 10 10 
0 0 2 0 1 0 0 4 0 | 7.735 10 10 10 
0 3 0 1 2 0 0 0 0 | 6.92109 2.28092 -50.9 1.78001 
0 0 4 3 1 0 3 0 0 | 3.4 3.4 10 10 
1 0 1 0 3 0 0 0 2 | 10 10 10 3.4 
3 0 4 0 1 0 0 0 0 | 5.1958 8.5 42.7053 10 
4 0 2 1 0 0 0 0 0 | 5.134 5.98565 -50.9 17.6376 
0 0 1 1 0 4 0 0 0 | 3.4 10 -52.6164 10 
1 0 3 1 0 3 0 0 0 | 10 10 10 8.73291 
3 0 0 0 1 0 3 0 0 | 3.4 3.4 19.5882 10 
3 3 0 0 1 0 3 0 0 | 10 10 12.1 10 
2 3 1 0 0 0 0 0 0 | 10 10 5.92156 10 
1 0 1 0 0 0 0 0 4 | 10 10 10 3.4 
2 1 1 0 2 0 0 0 0 | -56 -50.9 8.5 10 
4 1 0 4 0 0 1 0 0 | 10 10 3.4 10 
1 0 4 2 1 0 0 0 0 | 10 3.4 10 10 
3 0 1 3 1 0 0 0 0 | 5.68882 -44.7556 10 -33.764 
1 0 3 3 1 0 0 0 0 | 25.4062 10 10 -53.3337 
4 0 1 1 4 0 0 0 0 | 4.92811 -43.8476 -46.7762 37.3206 
4 3 1 4 0 0 0 2 0 | 10 10 10 34 
2 1 3 0 4 0 0 0 0 | 10 14.3224 5.134 10 
0 2 2 1 0 0 0 0 4 | 10 10 -54.4446 10 
1 0 1 1 1 0 0 0 0 | 51.53 10 10 -53.5377 
2 1 0 0 3 0 0 4 0 | -35.0616 10 10 10 
0 1 2 0 0 4 0 0 0 | -50.9 10 10 10 
0 3 1 1 0 0 0 0 3 | 6.97 -54.3498 10 10 
3 0 0 0 1 0 0 0 0 | 5.48348 3.08928 44.0568 -48.9899 
1 0 1 0 0 4 0 0 0 | 39.1 10 10 10 
3 0 3 1 2 0 0 0 0 | 5.25266 6.8032 -51.217 10 
0 0 4 1 4 1 0 0 0 | 10 10 -55.2079 10 
0 1 2 3 0 0 1 0 0 | -50.9 10 10 10 
1 1 1 1 4 0 0 0 0 | 10 -56 10 10 
4 1 1 0 4 0 0 0 0 | 10 10 10 38.3523 
1 3 1 2 0 0 0 0 0 | 10 -50.9 10 10 
0 2 0 2 1 0 1 0 0 | 10 10 10 -53.0136 
4 0 1 0 0 0 0 0 3 | 9.24068 10 3.4 10 
3 0 1 0 0 0 0 3 0 | 10 -55.2079 10 10 
1 0 1 0 3 0 0 3 0 | 10 10 10 8.5 
3 0 3 0 1 3 0 0 0 | 10 3.4 10 10 
0 1 1 0 2 0 0 1 0 | -51.3368 10 10 10 
0 2 1 2 0 0 2 0 0 | 10 10 10 9.89437 
0 2 1 1 1 0 0 0 0 | 16.0081 10 10 10 
3 1 3 0 4 0 0 0 3 | -52.6843 10 10 10 
1 1 1 2 0 0 0 0 0 | -56 -56 8.5 14.9796 
1 1 2 3 0 0 0 0 0 | 10 8.5 10 10 
1 0 1 2 0 2 0 0 0 | 10 10 10 4.0149 
0 0 2 1 3 3 0 0 0 | 10 10 -52.5573 10 
0 2 3 4 1 0 0 0 0 | 10 10 10 -54.572 
3 1 4 3 0 0 0 0 0 | 10 10 10 3.4 
3 0 4 4 1 0 0 0 0 | 7.735 5.37706 33.5414 -52.43 
3 0 2 0 1 0 0 0 0 | 5.56225 4.72962 28.9233 -42.2607 
3 0 2 1 0 0 0 0 0 | 3.4 7.83711 10 10 
0 1 1 0 3 0 0 3 0 | 10 -50.9 10 10 
0 3 0 1 1 0 0 0 0 | 0.251047 2.23163 -54.2872 -53.5377 
0 3 1 3 0 0 0 0 0 | 13.967 -50.9 6.09386 3.64368 
4 0 4 0 1 0 0 0 0 | 10 8.5 10 10 
4 4 0 4 1 0 0 0 0 | 10 10 10 -50.9 
0 0 1 4 0 0 0 0 0 | 2.0356 -50.9 1.72672 20.7431 
0 0 1 0 0 0 0 4 0 | 5.29332 -52.695 10 10 
0 1 3 0 0 0 0 3 0 | -54.266 10 10 10 
2 2 1 3 0 0 0 0 0 | 8.5 10 10 7.55012 
3 0 1 1 0 0 0 0 0 | 3.4 -48.4392 -50.9 10 
3 3 1 0 3 0 0 0 0 | 9.85656 10 7 10 
0 0 1 1 0 0 0 0 4 | 9.06932 -51.6542 -51.3934 12.169 
1 2 1 0 4 0 0 0 0 | 53.4959 10 10 10 
0 4 1 0 3 0 0 0 0 | 3.99706 -52.2899 3.03326 3.4 
0 1 2 1 3 0 0 0 0 | 10 10 10 5.85949 
0 0 0 4 1 0 1 0 0 | 10 10 10.446 10 
3 1 0 3 0 0 0 0 1 | 10 3.4 10 10 
0 2 0 1 0 0 0 0 2 | 10 10 -56 10 
2 1 3 0 3 0 0 4 0 | -50.6674 10 10 10 
2 1 2 0 2 0 0 0 0 | -50.9 10 10 10 
0 1 0 0 4 0 0 0 2 | -52.9 7.01092 3.4 10 
0 1 0 0 0 0 0 0 0 | -95.0806 10.7607 0.390678 0.25844 
4 1 0 0 0 0 0 0 1 | 10 10 10 -14 
2 0 0 3 1 0 0 0 0 | 3.4 14.5217 10 -52.3611 
2 1 1 0 2 0 0 2 0 | -56 10 10 10 
3 3 0 4 1 1 0 0 0 | -8.9 10 10 10 
0 2 0 3 1 1 0 0 0 | 10 3.4 10 10 
4 2 1 0 2 0 0 0 0 | 10 10 8.5 10 
0 0 1 1 0 0 2 0 0 | 10 -50.9 10 10 
4 0 3 2 1 0 1 0 0 | 10 10 10 -50.9 
3 1 3 4 0 0 0 0 0 | -52.8594 7.369 10 10 
3 2 2 4 1 0 0 0 0 | 4.23552 10 10 10 
4 1 1 0 2 0 0 0 0 | 10 10 10 52.9285 
1 0 4 0 1 0 0 0 0 | 32.7199 10 10 10 
1 0 1 4 0 3 0 0 0 | 7 10 10 10 
0 4 3 1 3 0 0 0 0 | 10 10 -52.43 10 
2 0 0 0 1 0 3 0 0 | 10 7 10 10 
3 0 0 1 3 0 0 0 0 | 10 10 -51.0164 10 
1 0 1 3 1 2 0 0 0 | 10 10 10 -54.8725 
3 0 1 0 4 0 0 0 2 | 10 10 7 10 
0 0 1 2 2 0 0 0 0 | 10 10 6.90149 10 
1 4 1 0 3 0 0 0 0 | 40.9737 -30.3697 10 10 
1 1 4 1 0 0 1 0 0 | 10 -14 10 10 
1 1 3 1 0 0 0 0 4 | -49.4006 10 10 10 
0 1 3 2 0 0 0 0 1 | -55.4746 10 10 10 
0 1 0 0 2 0 0 3 0 | 10 10 3.4 10 
0 0 1 1 2 0 0 2 0 | 10 10 -50.9 10 
2 1 0 3 1 0 0 0 0 | -56 12.1156 5.09695 -52.3079 
0 3 0 0 1 0 0 4 0 | 10 4.95024 10 10 
0 1 0 3 3 0 0 0 0 | 10 10 10 8.78926 
0 1 4 0 0 0 0 0 0 | -75.26 0.378097 0.234996 2.01697 
0 4 1 3 0 0 0 0 0 | 3.4 -51.665 1.2136 4.66939 
1 2 0 0 1 0 0 0 0 | 10 3.4 10 10 
4 0 3 0 1 0 0 0 0 | 24.754 10 10 -56 
0 1 4 0 1 2 0 0 0 | 10 3.4 10 10 
0 0 3 0 1 2 0 0 0 | 10 10 10 -53.3492 
1 0 0 1 2 0 0 0 0 | 17.7741 10 -55.2329 10 
2 2 1 4 0 0 0 0 0 | 8.5 -50.9 10 7.76444 
2 1 1 3 0 0 0 0 0 | -56 -50.9 7.68651 10 
0 3 0 1 3 0 4 0 0 | 10 10 -55.329 10 
0 0 3 3 1 0 1 0 0 | 10 10 10 -54.266 
2 0 3 1 0 0 0 0 0 | 8.5 38.335 -50.9 10 
2 3 1 1 4 0 0 0 0 | 8.5 10 10 10 
3 1 0 0 2 0 0 2 0 | -55.0348 10 10 10 
2 1 0 0 4 0 0 1 0 | 10 38.5998 10 10 
0 3 1 1 4 0 0 0 0 | 8.37282 -53.0114 -51.1428 10 
2 4 1 0 2 0 0 0 0 | 3.4 10 6.46094 10 
0 1 0 1 0 0 2 0 0 | -50.9 3.4 -52.6034 2.50178 
3 1 0 4 0 0 0 0 0 | -43.8926 8.5 32.7202 10 
1 3 1 1 0 0 0 0 0 | 7 -49.829 10 10 
0 0 1 4 0 0 0 0 1 | 8.5 10 10 10 
1 0 1 3 0 0 0 2 0 | 10 10 3.4 10 
1 0 0 0 1 0 3 0 0 | 7 10 10 10 
3 0 2 1 4 0 0 0 0 | 10 6.32711 10 10 
0 4 1 1 4 0 0 0 0 | 5.93536 -49.9146 -53.8503 10 
3 1 0 1 2 0 0 0 0 | 10 10 10 3.4 
1 2 1 1 0 0 0 0 0 | 35.1434 10 -53.7147 10 
2 4 1 3 0 0 2 0 0 | 3.4 10 10 10 
0 0 2 1 2 0 0 0 1 | 6.39657 10 10 10 
2 1 4 0 2 0 0 0 0 | -44.0566 24.2518 5.79276 4.43275 
2 1 3 0 2 0 0 3 0 | 10 37.7043 10 10 
3 4 1 4 0 0 0 0 0 | 6.52151 10 10 3.4 
2 0 1 3 0 4 0 0 0 | 10 10 6.67502 10 
0 0 1 1 1 0 0 4 0 | 10.9338 10 10 -53.5377 
4 2 1 0 0 0 0 0 0 | 9.0646 -54.825 3.4 10.8647 
0 3 1 3 0 0 0 0 1 | 8.5 10 10 10 
3 1 2 1 0 0 0 0 0 | 10 10 -50.9 10 
4 1 0 0 0 2 0 0 0 | 10 10 21.4217 10 
0 2 1 0 0 0 0 1 0 | 10 10 10 3.4 
2 2 1 2 1 0 0 0 0 | 10 10 6.7803 10 
3 2 1 0 3 0 0 0 0 | 10 -54.266 10 10 
0 3 1 0 1 1 0 0 0 | 10 10 10 -54.9367 
0 1 1 0 0 0 0 1 0 | 10 10 -14 10 
1 0 1 0 1 0 0 0 2 | 16.2601 10 10 10 
4 0 0 1 0 0 2 0 0 | 10 3.4 10 10 
1 4 0 0 1 2 0 0 0 | 34 10 10 10 
3 3 1 0 2 1 0 0 0 | -8.9 10 10 10 
3 0 1 4 0 0 0 0 0 | 4.22325 -52.5149 32.9706 3.4 
4 1 4 0 0 0 0 0 2 | 10 12.1 10 10 
4 3 0 1 4 2 0 0 0 | 3.4 10 10 10 
4 0 0 1 1 0 0 0 0 | 7.93443 6.26406 -56 -50.9 
4 3 1 4 0 0 0 0 0 | 5.93578 10 3.4 10 
1 1 0 0 0 0 0 0 0 | -50.9 8.5 10 10 
3 4 0 3 1 0 0 0 0 | 8.5 7.15087 51.478 10 
4 0 4 1 1 0 0 0 0 | 10 5.82665 10 10 
2 2 0 1 4 0 3 0 0 | 10 10 10 6.50029 
0 1 0 0 1 0 4 0 0 | -51.3368 10 10 10 
1 0 1 3 1 0 0 0 0 | 44.8691 -56 6.50486 -55.3571 
0 0 2 3 1 3 0 0 0 | 10 10 10 -53.3419 
0 0 4 0 1 0 0 0 2 | 10 10 10 -50.9 
0 4 1 4 0 0 0 0 3 | 10 -52.5901 10 10 
0 1 0 1 3 0 0 0 0 | -52.5127 1.13946 -77.8341 9.26636 
2 2 0 1 0 0 1 0 0 | 3.4 17.2426 10 10 
3 1 3 2 1 0 0 0 0 | 10 10 10 -56 
2 0 2 4 1 0 0 0 0 | 10 46.0925 10 10 
2 1 1 0 0 0 2 0 0 | 10 -50.9 10 10 
3 1 3 0 0 0 0 4 0 | 10 8.23165 10 10 
2 1 0 1 2 0 1 0 0 | 10 10 10 7.7221 
1 3 0 1 0 0 0 0 0 | 47.7136 3.4 10 10 
4 3 0 1 1 0 0 0 0 | 4.54047 10 10 -50.9 
3 3 1 1 0 0 0 0 0 | 10 10 -50.9 10 
0 4 0 1 1 2 0 0 0 | 3.4 10 10 10 
2 1 2 4 0 0 0 0 0 | 10 10 10 5.62856 
0 1 0 0 2 0 0 2 0 | 10 26.8658 10 10 
1 0 0 0 1 1 0 0 0 | 10 10 10 -54.601 
0 1 2 0 0 0 0 0 4 | -55.483 16.8702 10 10 
0 2 0 0 1 0 0 1 0 | 10 10 10 -50.9 
0 1 2 1 0 0 0 0 1 | 10 10 10 -10.2495 
3 0 3 4 1 0 0 0 0 | 6.36656 5.63624 41.5631 10 
3 2 2 0 1 0 0 0 0 | 10 9.264 10 10 
3 4 1 0 0 0 0 0 0 | 5.99845 -51.7339 7.84 10 
3 4 2 4 1 0 0 0 0 | 8.5 10 10 10 
1 0 0 1 3 4 0 0 0 | 7 10 10 10 
1 1 2 0 2 0 0 0 0 | 10 3.4 10 10 
1 0 3 4 1 0 0 0 0 | 45.1928 10 10 10 
0 0 0 1 4 0 0 2 0 | 10 5.13908 10 10 
3 0 0 3 1 3 0 0 0 | 10 10 10 -50.9 
2 0 0 1 3 0 2 0 0 | 10 10 10 10.5455 
4 3 1 0 4 0 0 0 0 | 10 -52.0934 10 10 
4 1 3 1 0 0 0 0 0 | 10 10 10 38.1111 
1 0 1 0 3 0 0 0 1 | 10 -44.2179 10 10 
0 1 1 3 0 0 0 0 3 | 10 -55.3844 10 10 
4 0 3 1 0 0 2 0 0 | 10 3.4 10 10 
0 2 1 0 1 0 0 4 0 | 5.68528 10 10 10 
4 2 0 1 1 0 0 0 0 | 10 4.30939 10 10 
3 3 1 3 0 0 0 0 0 | 10 -50.9 10 10 
0 1 0 0 1 0 1 0 0 | 10 -8.48362 10 10 
0 0 0 1 2 0 3 0 0 | 3.4 10 -56 10 
2 2 1 0 3 0 0 0 0 | 10 10 10 6.28193 
2 2 0 1 0 0 0 0 0 | 3.4 34.1086 10 8.5 
0 1 0 4 2 0 0 0 0 | -53.0114 10 10 3.4 
4 0 2 3 1 0 0 0 0 | 10 10 10 -50.9 
2 0 4 4 1 0 0 0 0 | 8.5 7.4116 10 10 
1 0 3 1 1 0 0 0 0 | 52.1573 3.4 10 10 
0 1 3 1 1 0 0 0 0 | -54.789 10 -56 10 
4 0 1 0 3 1 0 0 0 | 10 10 10 7 
0 0 1 0 3 0 2 0 0 | 10 10 10 6.86716 
3 1 2 0 1 0 0 0 0 | -52.4017 7.57945 10 -56 
1 0 0 1 4 0 4 0 0 | 10 10 10 10.6968 
0 0 2 1 0 0 0 0 2 | 7.03075 10 10 10 
3 4 1 3 0 0 0 0 0 | 3.4 -51.1555 7 10 
0 0 4 0 1 1 0 0 0 | -10.3749 3.4 5.514 10 
1 0 4 4 1 0 2 0 0 | 7 10 10 10 
1 1 2 3 0 0 0 2 0 | 10 10 10 3.4 
3 0 3 1 0 0 0 0 0 | 8.5 10 10 10 
3 1 4 2 0 0 0 0 0 | 10 10 10 3.4 
2 2 0 0 1 0 3 0 0 | 10 10 10 -52.9612 
0 4 0 1 2 0 0 4 0 | 10 4.27221 10 10 
1 4 1 0 0 0 0 1 0 | 10 10 10 3.4 
2 1 0 2 0 0 0 0 3 | 10 10 10 3.4 
0 0 0 1 2 0 0 0 0 | 7.74275 1.05712 -52.1424 1.94218 
1 4 0 2 1 0 0 0 0 | 10 10 10 -53.3817 
0 4 1 0 3 0 0 3 0 | 10 -54.9291 10 10 
2 1 4 0 2 0 2 0 0 | -50.9 10 10 10 
0 0 1 0 4 2 0 0 0 | 3.4 -50.9 10 10 
3 0 4 1 2 0 0 0 0 | 7.429 8.5 -51.217 10 
3 1 1 0 3 0 0 1 0 | -53.3083 10 10 10 
0 0 1 3 0 2 0 0 0 | 10 -50.9 10 10 
4 4 0 3 1 0 0 0 0 | 18.3622 10 10 10 
1 0 0 1 3 0 1 0 0 | 10 10 10 4.85554 
2 4 0 0 1 0 2 0 0 | 10 10 10 -52.2875 
1 0 4 0 1 2 0 0 0 | 10 10 15.9973 10 
2 4 0 0 1 0 0 0 4 | 10 10 8.5 10 
2 1 0 0 4 0 0 0 2 | 10 10 10 3.4 
0 3 1 1 3 0 0 0 0 | 10 10 -50.9 10 
0 1 0 1 1 0 0 4 0 | 10 10 10 -55.5351 
0 2 1 0 0 0 0 0 3 | 10 10 10 3.4 
3 1 4 0 3 0 0 0 0 | -52.2511 7.34485 31.87 3.4 
0 1 3 0 0 0 0 0 4 | 10 8.5 10 10 
0 0 0 3 1 0 0 0 3 | 10 10 10 -50.9 
2 1 3 0 3 0 0 0 0 | -49.736 45.231 5.27038 10 
2 1 0 0 2 0 0 0 0 | -49.829 49.6682 6.2363 6.42892 
1 2 1 2 0 0 0 0 0 | 10 10 6.01834 10 
0 1 0 0 1 0 0 1 0 | 10 10 -3.56275 10 
0 1 3 0 4 0 0 0 2 | 10 10 3.4 10 
3 1 1 4 0 0 0 0 0 | 10 10 10 3.4 
4 2 0 3 1 0 0 0 0 | 6.154 10 10 10 
2 0 0 4 1 0 0 0 0 | 8.5 10 10 10 
2 3 1 4 0 0 0 0 0 | 8.5 10 8.5 10 
0 1 1 3 0 0 0 0 0 | -50.9 -51.665 0.76 27.7425 
2 3 1 0 2 0 0 0 0 | 3.4 -50.9 10 10 
0 3 0 1 4 0 0 0 2 | 10 10 -50.9 10 
2 2 1 0 2 0 0 0 0 | 8.5 -50.9 10 10 
2 1 0 0 0 0 0 0 4 | 10 10 10 8.5 
1 1 4 0 1 0 0 0 0 | 10 10 10 -54.9895 
4 2 0 1 2 0 0 0 0 | 9.26986 5.07516 -48.035 39.1 
0 0 1 3 1 0 0 0 2 | 10 10 3.4 10 
0 2 0 0 1 0 0 2 0 | 10 10 3.4 10 
2 3 1 0 3 0 0 0 0 | 3.4 10 10 10 
0 0 1 0 3 0 4 0 0 | 7.48391 10 10 10 
0 1 1 0 3 0 4 0 0 | 10 -50.9 10 10 
0 1 0 0 0 0 0 2 0 | 10 9.23932 10 10 
1 0 3 2 1 0 0 0 0 | 21.826 3.4 10 10 
2 0 0 1 1 0 0 0 0 | 2.8 7 -52.7667 -53.1828 
1 1 2 2 0 0 0 0 0 | 10 10 6.28426 10 
3 0 1 0 4 1 0 0 0 | 10 10 13.9151 10 
3 1 0 0 2 0 0 1 0 | 10 10 -14 10 
3 0 0 0 1 0 1 0 0 | 3.4 -14 10 10 
1 0 0 4 1 0 0 0 0 | 31.5764 10 8.5 10 
0 0 4 0 4 0 0 0 0 | 10 10 10 8.5 
3 0 0 0 3 0 0 0 0 | 10 8.5 10 10 
4 3 0 1 4 0 3 0 0 | 10 10 10 12.1 
0 3 1 3 0 0 0 2 0 | 10 10 3.4 10 
0 4 1 2 1 0 0 0 0 | 10 10 6.42847 10 
0 1 1 0 4 0 0 3 0 | -48.8589 10 10 10 
0 0 2 1 0 0 0 0 0 | 1.98786 1.92355 -75.26 39.5864 
1 0 1 0 0 0 0 3 0 | 10.9448 10 10 10 
3 1 2 0 3 0 0 0 0 | -51.665 50.5517 10 10 
0 1 0 0 0 0 0 3 0 | 10 9.7546 10 10 
0 0 1 4 0 0 0 1 0 | 10.2736 -54.7629 10 10 
0 1 3 0 0 0 0 2 0 | 10 6.81953 10 10 
4 3 0 1 2 0 0 0 0 | 10 3.4 10 10 
0 1 0 0 2 0 0 0 1 | 10 8.97093 10 10 
0 3 0 1 3 2 0 0 0 | 10 10 -53.0222 10 
4 0 2 1 0 0 0 2 0 | 5.74441 10 10 10 
4 1 1 2 1 0 0 0 0 | -50.8474 -54.5712 10 10 
1 2 0 1 4 0 0 0 2 | 39.1 10 10 10 
0 0 1 2 0 2 0 0 0 | 3.4 10 10 10 
0 0 1 2 0 1 0 0 0 | -9.94527 -50.9 10 10 
1 4 1 1 0 0 0 0 0 | 29.6633 10 -54.2983 10 
2 1 4 0 3 0 0 0 0 | 10 27.6247 10 10 
1 3 0 4 1 0 0 0 0 | 12.1 10 10 10 
0 1 0 1 0 0 0 0 3 | -49.492 10 -50.9 10 
0 0 1 0 1 0 0 1 0 | 5.49151 -49.8293 10 10 
1 4 1 0 0 0 4 0 0 | 12.1 10 10 10 
0 0 2 0 1 0 0 3 0 | 10 29.2754 10 10 
3 4 1 0 2 0 0 0 0 | 6.81688 -52.7257 28.2285 8.5 
0 4 1 0 2 0 4 0 0 | 6.36025 10 10 10 
0 1 3 0 1 0 0 1 0 | 10 8.56641 10 10 
0 1 0 2 3 0 0 0 1 | 10 10 10 -11.0696 
0 0 2 0 1 1 0 0 0 | 10 3.4 10 10 
1 1 4 0 0 0 0 0 0 | 10 3.4 10 10 
0 0 0 0 1 0 4 0 0 | 10 3.4 10 10 
3 1 1 0 2 2 0 0 0 | 10 10 27.0103 10 
0 0 1 0 4 0 0 0 2 | 5.34716 10 10 10 
0 1 0 0 2 0 2 0 0 | -50.9 3.4 10 10 
4 0 3 2 1 0 0 0 0 | 5.35084 10 10 10 
3 1 0 1 1 0 0 0 0 | 10 5.01108 10 10 
3 2 0 4 1 0 0 0 0 | 3.7876 4.03262 43.547 -47.5462 
2 0 1 3 0 0 0 0 0 | 10 -50.9 10 10 
0 4 0 0 1 1 0 0 0 | 10 3.4 10 10 
2 0 4 1 3 0 0 0 0 | 8.5 10 10 10 
2 1 0 4 0 0 0 0 4 | 10 36.3308 10 10 
0 1 4 0 3 0 0 0 0 | -54.266 0.76 5.78717 0.76 
2 1 3 3 0 0 0 0 0 | 10 10 7.429 10 
0 0 1 0 4 3 0 0 0 | 8.5 -50.9 10 10 
3 1 1 0 0 0 0 0 0 | 10 10 17.8738 8.5 
3 0 0 1 1 0 0 0 0 | 7.21307 8.5 10 10 
3 0 0 2 1 0 0 0 0 | 10 10 51.7568 10 
3 0 0 0 1 0 0 2 0 | 7.87581 8.52671 10 10 
2 1 1 0 1 0 0 0 0 | -56 -50.9 16.2202 -50.9 
1 1 0 1 0 0 0 0 0 | -50.9 8.5 10 10 
2 3 0 1 3 0 0 4 0 | 10 28.2625 10 10 
1 3 1 0 3 0 0 0 0 | 10 -50.9 10 10 
0 0 1 3 1 0 0 0 0 | 1.91668 -50.1269 6.14805 -50.9 
3 0 0 0 1 0 2 0 0 | 10 10 10 -48.988 
0 0 0 1 3 0 0 0 1 | 10 10 -50.9 10 
1 0 3 1 4 0 0 0 0 | 10 10 10 7.735 
4 0 0 1 4 0 4 0 0 | 10 10 -45.4123 10 
1 2 0 1 2 0 0 0 0 | 39.7947 10 10 10 
4 1 3 0 0 0 0 2 0 | 10 10 3.4 10 
0 4 0 3 1 0 0 0 0 | 1.744 0.67504 1.86461 -51.971 
4 0 3 4 1 0 0 1 0 | 10.5834 5.08316 10 10 
4 1 1 4 0 0 3 0 0 | -56 10 10 10 
0 1 0 4 1 0 0 0 3 | 10 10 3.4 10 
0 1 0 3 1 0 0 0 4 | 10 5.87502 10 10 
0 2 1 0 4 1 0 0 0 | 10 10 4.91506 10 
1 0 3 1 3 4 0 0 0 | 39.1 10 10 10 
2 4 1 0 0 0 0 0 0 | 3.4 -50.9 4.38371 10 
4 0 0 1 2 0 0 0 0 | 7.36729 5.60557 -50.9 39.1 
2 0 1 1 2 0 0 0 0 | 10 10 -42.6097 10 
3 0 0 0 1 0 0 0 3 | 8.32783 10 7 10 
2 0 0 0 1 0 0 0 4 | 8.5 10 10 10 
0 2 0 1 0 0 0 2 0 | 3.75854 10 -50.9 10 
1 1 0 0 3 0 3 0 0 | -50.9 10 10 10 
0 1 4 0 3 0 0 0 1 | 10 10 3.4 10 
0 1 2 4 1 0 0 0 0 | -53.4016 10 10 10 
